00000000000000000000000101011111
00000000000000000000000101110100
00000000000000000000000110001010
00000000000000000000000110100010
00000000000000000000000110111010
00000000000000000000000111010101
00000000000000000000000111110001
00000000000000000000001000001110
00000000000000000000001000101101
00000000000000000000001001001111
00000000000000000000001001110010
00000000000000000000001010010111
00000000000000000000001010111110
00000000000000000000001011101000
00000000000000000000001100010100
00000000000000000000001101000011
00000000000000000000001101110101
00000000000000000000001110101001
00000000000000000000001111100001
00000000000000000000010000011100
00000000000000000000010001011011
00000000000000000000010010011101
00000000000000000000010011100011
00000000000000000000010100101110
00000000000000000000010101111101
00000000000000000000010111010000
00000000000000000000011000101001
00000000000000000000011010000110
00000000000000000000011011101010
00000000000000000000011101010011
00000000000000000000011111000010
00000000000000000000100000111001
00000000000000000000100010110110
00000000000000000000100100111010
00000000000000000000100111000111
00000000000000000000101001011100
00000000000000000000101011111001
00000000000000000000101110100000
00000000000000000000110001010001
00000000000000000000110100001101
00000000000000000000110111010011
00000000000000000000111010100110
00000000000000000000111110000101
00000000000000000001000001110001
00000000000000000001000101101011
00000000000000000001001001110100
00000000000000000001001110001101
00000000000000000001010010110111
00000000000000000001010111110010
00000000000000000001011101000000
00000000000000000001100010100010
00000000000000000001101000011001
00000000000000000001101110100111
00000000000000000001110101001100
00000000000000000001111100001010
00000000000000000010000011100010
00000000000000000010001011010111
00000000000000000010010011101001
00000000000000000010011100011011
00000000000000000010100101101110
00000000000000000010101111100101
00000000000000000010111010000001
00000000000000000011000101000101
00000000000000000011010000110011
00000000000000000011011101001101
00000000000000000011101010010111
00000000000000000011111000010011
00000000000000000100000111000100
00000000000000000100010110101101
00000000000000000100100111010010
00000000000000000100111000110110
00000000000000000101001011011100
00000000000000000101011111001001
00000000000000000101110100000010
00000000000000000110001010001010
00000000000000000110100001100110
00000000000000000110111010011011
00000000000000000111010100101110
00000000000000000111110000100110
00000000000000001000001110001000
00000000000000001000101101011010
00000000000000001001001110100100
00000000000000001001110001101011
00000000000000001010010110111000
00000000000000001010111110010011
00000000000000001011101000000100
00000000000000001100010100010011
00000000000000001101000011001011
00000000000000001101110100110110
00000000000000001110101001011101
00000000000000001111100001001101
00000000000000010000011100010000
00000000000000010001011010110101
00000000000000010010011101000111
00000000000000010011100011010110
00000000000000010100101101110001
00000000000000010101111100100110
00000000000000010111010000000111
00000000000000011000101000100110
00000000000000011010000110010110
00000000000000011011101001101011
00000000000000011101010010111010
00000000000000011111000010011001
00000000000000100000111000100001
00000000000000100010110101101010
00000000000000100100111010001111
00000000000000100111000110101101
00000000000000101001011011100001
00000000000000101011111001001100
00000000000000101110100000001110
00000000000000110001010001001101
00000000000000110100001100101101
00000000000000110111010011010110
00000000000000111010100101110100
00000000000000111110000100110010
00000000000001000001110001000001
00000000000001000101101011010011
00000000000001001001110100011110
00000000000001001110001101011001
00000000000001010010110111000010
00000000000001010111110010010111
00000000000001011101000000011101
00000000000001100010100010011010
00000000000001101000011001011010
00000000000001101110100110101101
00000000000001110101001011101000
00000000000001111100001001100100
00000000000010000011100010000010
