00000000000
00000000000
00000000001
00000000001
00000000001
00000000010
00000000010
00000000010
00000000011
00000000011
00000000011
00000000011
00000000100
00000000100
00000000100
00000000101
00000000101
00000000101
00000000110
00000000110
00000000110
00000000111
00000000111
00000000111
00000001000
00000001000
00000001000
00000001000
00000001001
00000001001
00000001001
00000001010
00000001010
00000001010
00000001011
00000001011
00000001011
00000001100
00000001100
00000001100
00000001101
00000001101
00000001101
00000001110
00000001110
00000001110
00000001110
00000001111
00000001111
00000001111
00000010000
00000010000
00000010000
00000010001
00000010001
00000010001
00000010010
00000010010
00000010010
00000010011
00000010011
00000010011
00000010011
00000010100
00000010100
00000010100
00000010101
00000010101
00000010101
00000010110
00000010110
00000010110
00000010111
00000010111
00000010111
00000011000
00000011000
00000011000
00000011000
00000011001
00000011001
00000011001
00000011010
00000011010
00000011010
00000011011
00000011011
00000011011
00000011100
00000011100
00000011100
00000011101
00000011101
00000011101
00000011110
00000011110
00000011110
00000011110
00000011111
00000011111
00000011111
00000100000
00000100000
00000100000
00000100001
00000100001
00000100001
00000100010
00000100010
00000100010
00000100011
00000100011
00000100011
00000100011
00000100100
00000100100
00000100100
00000100101
00000100101
00000100101
00000100110
00000100110
00000100110
00000100111
00000100111
00000100111
00000101000
00000101000
00000101000
00000101000
00000101001
00000101001
00000101001
00000101010
00000101010
00000101010
00000101011
00000101011
00000101011
00000101100
00000101100
00000101100
00000101101
00000101101
00000101101
00000101101
00000101110
00000101110
00000101110
00000101111
00000101111
00000101111
00000110000
00000110000
00000110000
00000110001
00000110001
00000110001
00000110010
00000110010
00000110010
00000110010
00000110011
00000110011
00000110011
00000110100
00000110100
00000110100
00000110101
00000110101
00000110101
00000110110
00000110110
00000110110
00000110111
00000110111
00000110111
00000110111
00000111000
00000111000
00000111000
00000111001
00000111001
00000111001
00000111010
00000111010
00000111010
00000111011
00000111011
00000111011
00000111011
00000111100
00000111100
00000111100
00000111101
00000111101
00000111101
00000111110
00000111110
00000111110
00000111111
00000111111
00000111111
00001000000
00001000000
00001000000
00001000000
00001000001
00001000001
00001000001
00001000010
00001000010
00001000010
00001000011
00001000011
00001000011
00001000100
00001000100
00001000100
00001000100
00001000101
00001000101
00001000101
00001000110
00001000110
00001000110
00001000111
00001000111
00001000111
00001001000
00001001000
00001001000
00001001001
00001001001
00001001001
00001001001
00001001010
00001001010
00001001010
00001001011
00001001011
00001001011
00001001100
00001001100
00001001100
00001001101
00001001101
00001001101
00001001101
00001001110
00001001110
00001001110
00001001111
00001001111
00001001111
00001010000
00001010000
00001010000
00001010001
00001010001
00001010001
00001010001
00001010010
00001010010
00001010010
00001010011
00001010011
00001010011
00001010100
00001010100
00001010100
00001010101
00001010101
00001010101
00001010101
00001010110
00001010110
00001010110
00001010111
00001010111
00001010111
00001011000
00001011000
00001011000
00001011001
00001011001
00001011001
00001011001
00001011010
00001011010
00001011010
00001011011
00001011011
00001011011
00001011100
00001011100
00001011100
00001011101
00001011101
00001011101
00001011101
00001011110
00001011110
00001011110
00001011111
00001011111
00001011111
00001100000
00001100000
00001100000
00001100000
00001100001
00001100001
00001100001
00001100010
00001100010
00001100010
00001100011
00001100011
00001100011
00001100100
00001100100
00001100100
00001100100
00001100101
00001100101
00001100101
00001100110
00001100110
00001100110
00001100111
00001100111
00001100111
00001100111
00001101000
00001101000
00001101000
00001101001
00001101001
00001101001
00001101010
00001101010
00001101010
00001101011
00001101011
00001101011
00001101011
00001101100
00001101100
00001101100
00001101101
00001101101
00001101101
00001101110
00001101110
00001101110
00001101110
00001101111
00001101111
00001101111
00001110000
00001110000
00001110000
00001110001
00001110001
00001110001
00001110001
00001110010
00001110010
00001110010
00001110011
00001110011
00001110011
00001110100
00001110100
00001110100
00001110101
00001110101
00001110101
00001110101
00001110110
00001110110
00001110110
00001110111
00001110111
00001110111
00001111000
00001111000
00001111000
00001111000
00001111001
00001111001
00001111001
00001111010
00001111010
00001111010
00001111011
00001111011
00001111011
00001111011
00001111100
00001111100
00001111100
00001111101
00001111101
00001111101
00001111110
00001111110
00001111110
00001111110
00001111111
00001111111
00001111111
00010000000
00010000000
00010000000
00010000000
00010000001
00010000001
00010000001
00010000010
00010000010
00010000010
00010000011
00010000011
00010000011
00010000011
00010000100
00010000100
00010000100
00010000101
00010000101
00010000101
00010000110
00010000110
00010000110
00010000110
00010000111
00010000111
00010000111
00010001000
00010001000
00010001000
00010001001
00010001001
00010001001
00010001001
00010001010
00010001010
00010001010
00010001011
00010001011
00010001011
00010001011
00010001100
00010001100
00010001100
00010001101
00010001101
00010001101
00010001110
00010001110
00010001110
00010001110
00010001111
00010001111
00010001111
00010010000
00010010000
00010010000
00010010000
00010010001
00010010001
00010010001
00010010010
00010010010
00010010010
00010010011
00010010011
00010010011
00010010011
00010010100
00010010100
00010010100
00010010101
00010010101
00010010101
00010010101
00010010110
00010010110
00010010110
00010010111
00010010111
00010010111
00010011000
00010011000
00010011000
00010011000
00010011001
00010011001
00010011001
00010011010
00010011010
00010011010
00010011010
00010011011
00010011011
00010011011
00010011100
00010011100
00010011100
00010011100
00010011101
00010011101
00010011101
00010011110
00010011110
00010011110
00010011111
00010011111
00010011111
00010011111
00010100000
00010100000
00010100000
00010100001
00010100001
00010100001
00010100001
00010100010
00010100010
00010100010
00010100011
00010100011
00010100011
00010100011
00010100100
00010100100
00010100100
00010100101
00010100101
00010100101
00010100101
00010100110
00010100110
00010100110
00010100111
00010100111
00010100111
00010100111
00010101000
00010101000
00010101000
00010101001
00010101001
00010101001
00010101001
00010101010
00010101010
00010101010
00010101011
00010101011
00010101011
00010101011
00010101100
00010101100
00010101100
00010101101
00010101101
00010101101
00010101101
00010101110
00010101110
00010101110
00010101111
00010101111
00010101111
00010101111
00010110000
00010110000
00010110000
00010110001
00010110001
00010110001
00010110001
00010110010
00010110010
00010110010
00010110011
00010110011
00010110011
00010110011
00010110100
00010110100
00010110100
00010110101
00010110101
00010110101
00010110101
00010110110
00010110110
00010110110
00010110110
00010110111
00010110111
00010110111
00010111000
00010111000
00010111000
00010111000
00010111001
00010111001
00010111001
00010111010
00010111010
00010111010
00010111010
00010111011
00010111011
00010111011
00010111100
00010111100
00010111100
00010111100
00010111101
00010111101
00010111101
00010111101
00010111110
00010111110
00010111110
00010111111
00010111111
00010111111
00010111111
00011000000
00011000000
00011000000
00011000001
00011000001
00011000001
00011000001
00011000010
00011000010
00011000010
00011000010
00011000011
00011000011
00011000011
00011000100
00011000100
00011000100
00011000100
00011000101
00011000101
00011000101
00011000110
00011000110
00011000110
00011000110
00011000111
00011000111
00011000111
00011000111
00011001000
00011001000
00011001000
00011001001
00011001001
00011001001
00011001001
00011001010
00011001010
00011001010
00011001010
00011001011
00011001011
00011001011
00011001100
00011001100
00011001100
00011001100
00011001101
00011001101
00011001101
00011001101
00011001110
00011001110
00011001110
00011001111
00011001111
00011001111
00011001111
00011010000
00011010000
00011010000
00011010000
00011010001
00011010001
00011010001
00011010010
00011010010
00011010010
00011010010
00011010011
00011010011
00011010011
00011010011
00011010100
00011010100
00011010100
00011010100
00011010101
00011010101
00011010101
00011010110
00011010110
00011010110
00011010110
00011010111
00011010111
00011010111
00011010111
00011011000
00011011000
00011011000
00011011000
00011011001
00011011001
00011011001
00011011010
00011011010
00011011010
00011011010
00011011011
00011011011
00011011011
00011011011
00011011100
00011011100
00011011100
00011011100
00011011101
00011011101
00011011101
00011011110
00011011110
00011011110
00011011110
00011011111
00011011111
00011011111
00011011111
00011100000
00011100000
00011100000
00011100000
00011100001
00011100001
00011100001
00011100001
00011100010
00011100010
00011100010
00011100011
00011100011
00011100011
00011100011
00011100100
00011100100
00011100100
00011100100
00011100101
00011100101
00011100101
00011100101
00011100110
00011100110
00011100110
00011100110
00011100111
00011100111
00011100111
00011100111
00011101000
00011101000
00011101000
00011101001
00011101001
00011101001
00011101001
00011101010
00011101010
00011101010
00011101010
00011101011
00011101011
00011101011
00011101011
00011101100
00011101100
00011101100
00011101100
00011101101
00011101101
00011101101
00011101101
00011101110
00011101110
00011101110
00011101110
00011101111
00011101111
00011101111
00011101111
00011110000
00011110000
00011110000
00011110000
00011110001
00011110001
00011110001
00011110001
00011110010
00011110010
00011110010
00011110011
00011110011
00011110011
00011110011
00011110100
00011110100
00011110100
00011110100
00011110101
00011110101
00011110101
00011110101
00011110110
00011110110
00011110110
00011110110
00011110111
00011110111
00011110111
00011110111
00011111000
00011111000
00011111000
00011111000
00011111001
00011111001
00011111001
00011111001
00011111010
00011111010
00011111010
00011111010
00011111011
00011111011
00011111011
00011111011
00011111100
00011111100
00011111100
00011111100
00011111101
00011111101
00011111101
00011111101
00011111110
00011111110
00011111110
00011111110
00011111110
00011111111
00011111111
00011111111
00011111111
00100000000
00100000000
00100000000
00100000000
00100000001
00100000001
00100000001
00100000001
00100000010
00100000010
00100000010
00100000010
00100000011
00100000011
00100000011
00100000011
00100000100
00100000100
00100000100
00100000100
00100000101
00100000101
00100000101
00100000101
00100000110
00100000110
00100000110
00100000110
00100000111
00100000111
00100000111
00100000111
00100000111
00100001000
00100001000
00100001000
00100001000
00100001001
00100001001
00100001001
00100001001
00100001010
00100001010
00100001010
00100001010
00100001011
00100001011
00100001011
00100001011
00100001100
00100001100
00100001100
00100001100
00100001101
00100001101
00100001101
00100001101
00100001101
00100001110
00100001110
00100001110
00100001110
00100001111
00100001111
00100001111
00100001111
00100010000
00100010000
00100010000
00100010000
00100010001
00100010001
00100010001
00100010001
00100010001
00100010010
00100010010
00100010010
00100010010
00100010011
00100010011
00100010011
00100010011
00100010100
00100010100
00100010100
00100010100
00100010100
00100010101
00100010101
00100010101
00100010101
00100010110
00100010110
00100010110
00100010110
00100010111
00100010111
00100010111
00100010111
00100010111
00100011000
00100011000
00100011000
00100011000
00100011001
00100011001
00100011001
00100011001
00100011010
00100011010
00100011010
00100011010
00100011010
00100011011
00100011011
00100011011
00100011011
00100011100
00100011100
00100011100
00100011100
00100011101
00100011101
00100011101
00100011101
00100011101
00100011110
00100011110
00100011110
00100011110
00100011111
00100011111
00100011111
00100011111
00100011111
00100100000
00100100000
00100100000
00100100000
00100100001
00100100001
00100100001
00100100001
00100100001
00100100010
00100100010
00100100010
00100100010
00100100011
00100100011
00100100011
00100100011
00100100011
00100100100
00100100100
00100100100
00100100100
00100100101
00100100101
00100100101
00100100101
00100100101
00100100110
00100100110
00100100110
00100100110
00100100111
00100100111
00100100111
00100100111
00100100111
00100101000
00100101000
00100101000
00100101000
00100101000
00100101001
00100101001
00100101001
00100101001
00100101010
00100101010
00100101010
00100101010
00100101010
00100101011
00100101011
00100101011
00100101011
00100101011
00100101100
00100101100
00100101100
00100101100
00100101101
00100101101
00100101101
00100101101
00100101101
00100101110
00100101110
00100101110
00100101110
00100101110
00100101111
00100101111
00100101111
00100101111
00100110000
00100110000
00100110000
00100110000
00100110000
00100110001
00100110001
00100110001
00100110001
00100110001
00100110010
00100110010
00100110010
00100110010
00100110010
00100110011
00100110011
00100110011
00100110011
00100110011
00100110100
00100110100
00100110100
00100110100
00100110101
00100110101
00100110101
00100110101
00100110101
00100110110
00100110110
00100110110
00100110110
00100110110
00100110111
00100110111
00100110111
00100110111
00100110111
00100111000
00100111000
00100111000
00100111000
00100111000
00100111001
00100111001
00100111001
00100111001
00100111001
00100111010
00100111010
00100111010
00100111010
00100111010
00100111011
00100111011
00100111011
00100111011
00100111011
00100111100
00100111100
00100111100
00100111100
00100111100
00100111101
00100111101
00100111101
00100111101
00100111101
00100111110
00100111110
00100111110
00100111110
00100111110
00100111111
00100111111
00100111111
00100111111
00100111111
00101000000
00101000000
00101000000
00101000000
00101000000
00101000001
00101000001
00101000001
00101000001
00101000001
00101000010
00101000010
00101000010
00101000010
00101000010
00101000011
00101000011
00101000011
00101000011
00101000011
00101000100
00101000100
00101000100
00101000100
00101000100
00101000100
00101000101
00101000101
00101000101
00101000101
00101000101
00101000110
00101000110
00101000110
00101000110
00101000110
00101000111
00101000111
00101000111
00101000111
00101000111
00101001000
00101001000
00101001000
00101001000
00101001000
00101001000
00101001001
00101001001
00101001001
00101001001
00101001001
00101001010
00101001010
00101001010
00101001010
00101001010
00101001011
00101001011
00101001011
00101001011
00101001011
00101001011
00101001100
00101001100
00101001100
00101001100
00101001100
00101001101
00101001101
00101001101
00101001101
00101001101
00101001101
00101001110
00101001110
00101001110
00101001110
00101001110
00101001111
00101001111
00101001111
00101001111
00101001111
00101001111
00101010000
00101010000
00101010000
00101010000
00101010000
00101010001
00101010001
00101010001
00101010001
00101010001
00101010001
00101010010
00101010010
00101010010
00101010010
00101010010
00101010010
00101010011
00101010011
00101010011
00101010011
00101010011
00101010100
00101010100
00101010100
00101010100
00101010100
00101010100
00101010101
00101010101
00101010101
00101010101
00101010101
00101010101
00101010110
00101010110
00101010110
00101010110
00101010110
00101010111
00101010111
00101010111
00101010111
00101010111
00101010111
00101011000
00101011000
00101011000
00101011000
00101011000
00101011000
00101011001
00101011001
00101011001
00101011001
00101011001
00101011001
00101011010
00101011010
00101011010
00101011010
00101011010
00101011010
00101011011
00101011011
00101011011
00101011011
00101011011
00101011011
00101011100
00101011100
00101011100
00101011100
00101011100
00101011100
00101011101
00101011101
00101011101
00101011101
00101011101
00101011101
00101011110
00101011110
00101011110
00101011110
00101011110
00101011110
00101011111
00101011111
00101011111
00101011111
00101011111
00101011111
00101100000
00101100000
00101100000
00101100000
00101100000
00101100000
00101100000
00101100001
00101100001
00101100001
00101100001
00101100001
00101100001
00101100010
00101100010
00101100010
00101100010
00101100010
00101100010
00101100011
00101100011
00101100011
00101100011
00101100011
00101100011
00101100011
00101100100
00101100100
00101100100
00101100100
00101100100
00101100100
00101100101
00101100101
00101100101
00101100101
00101100101
00101100101
00101100101
00101100110
00101100110
00101100110
00101100110
00101100110
00101100110
00101100111
00101100111
00101100111
00101100111
00101100111
00101100111
00101100111
00101101000
00101101000
00101101000
00101101000
00101101000
00101101000
00101101001
00101101001
00101101001
00101101001
00101101001
00101101001
00101101001
00101101010
00101101010
00101101010
00101101010
00101101010
00101101010
00101101010
00101101011
00101101011
00101101011
00101101011
00101101011
00101101011
00101101011
00101101100
00101101100
00101101100
00101101100
00101101100
00101101100
00101101100
00101101101
00101101101
00101101101
00101101101
00101101101
00101101101
00101101101
00101101110
00101101110
00101101110
00101101110
00101101110
00101101110
00101101110
00101101111
00101101111
00101101111
00101101111
00101101111
00101101111
00101101111
00101110000
00101110000
00101110000
00101110000
00101110000
00101110000
00101110000
00101110001
00101110001
00101110001
00101110001
00101110001
00101110001
00101110001
00101110001
00101110010
00101110010
00101110010
00101110010
00101110010
00101110010
00101110010
00101110011
00101110011
00101110011
00101110011
00101110011
00101110011
00101110011
00101110011
00101110100
00101110100
00101110100
00101110100
00101110100
00101110100
00101110100
00101110101
00101110101
00101110101
00101110101
00101110101
00101110101
00101110101
00101110101
00101110110
00101110110
00101110110
00101110110
00101110110
00101110110
00101110110
00101110110
00101110111
00101110111
00101110111
00101110111
00101110111
00101110111
00101110111
00101110111
00101111000
00101111000
00101111000
00101111000
00101111000
00101111000
00101111000
00101111000
00101111001
00101111001
00101111001
00101111001
00101111001
00101111001
00101111001
00101111001
00101111010
00101111010
00101111010
00101111010
00101111010
00101111010
00101111010
00101111010
00101111011
00101111011
00101111011
00101111011
00101111011
00101111011
00101111011
00101111011
00101111100
00101111100
00101111100
00101111100
00101111100
00101111100
00101111100
00101111100
00101111100
00101111101
00101111101
00101111101
00101111101
00101111101
00101111101
00101111101
00101111101
00101111101
00101111110
00101111110
00101111110
00101111110
00101111110
00101111110
00101111110
00101111110
00101111111
00101111111
00101111111
00101111111
00101111111
00101111111
00101111111
00101111111
00101111111
00110000000
00110000000
00110000000
00110000000
00110000000
00110000000
00110000000
00110000000
00110000000
00110000000
00110000001
00110000001
00110000001
00110000001
00110000001
00110000001
00110000001
00110000001
00110000001
00110000010
00110000010
00110000010
00110000010
00110000010
00110000010
00110000010
00110000010
00110000010
00110000011
00110000011
00110000011
00110000011
00110000011
00110000011
00110000011
00110000011
00110000011
00110000011
00110000100
00110000100
00110000100
00110000100
00110000100
00110000100
00110000100
00110000100
00110000100
00110000100
00110000101
00110000101
00110000101
00110000101
00110000101
00110000101
00110000101
00110000101
00110000101
00110000101
00110000110
00110000110
00110000110
00110000110
00110000110
00110000110
00110000110
00110000110
00110000110
00110000110
00110000110
00110000111
00110000111
00110000111
00110000111
00110000111
00110000111
00110000111
00110000111
00110000111
00110000111
00110001000
00110001000
00110001000
00110001000
00110001000
00110001000
00110001000
00110001000
00110001000
00110001000
00110001000
00110001001
00110001001
00110001001
00110001001
00110001001
00110001001
00110001001
00110001001
00110001001
00110001001
00110001001
00110001001
00110001010
00110001010
00110001010
00110001010
00110001010
00110001010
00110001010
00110001010
00110001010
00110001010
00110001010
00110001011
00110001011
00110001011
00110001011
00110001011
00110001011
00110001011
00110001011
00110001011
00110001011
00110001011
00110001011
00110001100
00110001100
00110001100
00110001100
00110001100
00110001100
00110001100
00110001100
00110001100
00110001100
00110001100
00110001100
00110001100
00110001101
00110001101
00110001101
00110001101
00110001101
00110001101
00110001101
00110001101
00110001101
00110001101
00110001101
00110001101
00110001101
00110001110
00110001110
00110001110
00110001110
00110001110
00110001110
00110001110
00110001110
00110001110
00110001110
00110001110
00110001110
00110001110
00110001111
00110001111
00110001111
00110001111
00110001111
00110001111
00110001111
00110001111
00110001111
00110001111
00110001111
00110001111
00110001111
00110001111
00110010000
00110010000
00110010000
00110010000
00110010000
00110010000
00110010000
00110010000
00110010000
00110010000
00110010000
00110010000
00110010000
00110010000
00110010000
00110010001
00110010001
00110010001
00110010001
00110010001
00110010001
00110010001
00110010001
00110010001
00110010001
00110010001
00110010001
00110010001
00110010001
00110010001
00110010001
00110010010
00110010010
00110010010
00110010010
00110010010
00110010010
00110010010
00110010010
00110010010
00110010010
00110010010
00110010010
00110010010
00110010010
00110010010
00110010010
00110010011
00110010011
00110010011
00110010011
00110010011
00110010011
00110010011
00110010011
00110010011
00110010011
00110010011
00110010011
00110010011
00110010011
00110010011
00110010011
00110010011
00110010011
00110010100
00110010100
00110010100
00110010100
00110010100
00110010100
00110010100
00110010100
00110010100
00110010100
00110010100
00110010100
00110010100
00110010100
00110010100
00110010100
00110010100
00110010100
00110010100
00110010101
00110010101
00110010101
00110010101
00110010101
00110010101
00110010101
00110010101
00110010101
00110010101
00110010101
00110010101
00110010101
00110010101
00110010101
00110010101
00110010101
00110010101
00110010101
00110010101
00110010101
00110010101
00110010110
00110010110
00110010110
00110010110
00110010110
00110010110
00110010110
00110010110
00110010110
00110010110
00110010110
00110010110
00110010110
00110010110
00110010110
00110010110
00110010110
00110010110
00110010110
00110010110
00110010110
00110010110
00110010110
00110010110
00110010111
00110010111
00110010111
00110010111
00110010111
00110010111
00110010111
00110010111
00110010111
00110010111
00110010111
00110010111
00110010111
00110010111
00110010111
00110010111
00110010111
00110010111
00110010111
00110010111
00110010111
00110010111
00110010111
00110010111
00110010111
00110010111
00110010111
00110010111
00110011000
00110011000
00110011000
00110011000
00110011000
00110011000
00110011000
00110011000
00110011000
00110011000
00110011000
00110011000
00110011000
00110011000
00110011000
00110011000
00110011000
00110011000
00110011000
00110011000
00110011000
00110011000
00110011000
00110011000
00110011000
00110011000
00110011000
00110011000
00110011000
00110011000
00110011000
00110011000
00110011000
00110011000
00110011000
00110011000
00110011000
00110011001
00110011001
00110011001
00110011001
00110011001
00110011001
00110011001
00110011001
00110011001
00110011001
00110011001
00110011001
00110011001
00110011001
00110011001
00110011001
00110011001
00110011001
00110011001
00110011001
00110011001
00110011001
00110011001
00110011001
00110011001
00110011001
00110011001
00110011001
00110011001
00110011001
00110011001
00110011001
00110011001
00110011001
00110011001
00110011001
00110011001
00110011001
00110011001
00110011001
00110011001
00110011001
00110011001
00110011001
00110011001
00110011001
00110011001
00110011001
00110011001
00110011001
00110011001
00110011001
00110011001
00110011001
00110011001
00110011001
00110011001
00110011001
00110011001
00110011001
00110011001
00110011001
00110011001
00110011001
00110011001
00110011001
00110011010
00110011010
00110011010
00110011010
00110011010
00110011010
00110011010
00110011010
00110011010
00110011010
00110011010
00110011010
00110011010
00110011010
00110011010
00110011010
00110011010
00110011010
00110011010
00110011010
00110011010
00110011010
00110011010
00110011010
00110011010
00110011010
00110011010
00110011010
00110011010
00110011010
00110011010
00110011010
00110011010
00110011010
00110011010
00110011010
00110011010
00110011010
00110011010
00110011010
00110011010
00110011010
00110011010
00110011010
00110011010
00110011010
00110011010
00110011010
00110011010
00110011010
00110011010
00110011010
00110011010
00110011010
00110011010
00110011010
00110011010
00110011010
00110011001
00110011001
00110011001
00110011001
00110011001
00110011001
00110011001
00110011001
00110011001
00110011001
00110011001
00110011001
00110011001
00110011001
00110011001
00110011001
00110011001
00110011001
00110011001
00110011001
00110011001
00110011001
00110011001
00110011001
00110011001
00110011001
00110011001
00110011001
00110011001
00110011001
00110011001
00110011001
00110011001
00110011001
00110011001
00110011001
00110011001
00110011001
00110011001
00110011001
00110011001
00110011001
00110011001
00110011001
00110011001
00110011001
00110011001
00110011001
00110011001
00110011001
00110011001
00110011001
00110011001
00110011001
00110011001
00110011001
00110011001
00110011001
00110011001
00110011001
00110011001
00110011001
00110011001
00110011001
00110011001
00110011001
00110011001
00110011000
00110011000
00110011000
00110011000
00110011000
00110011000
00110011000
00110011000
00110011000
00110011000
00110011000
00110011000
00110011000
00110011000
00110011000
00110011000
00110011000
00110011000
00110011000
00110011000
00110011000
00110011000
00110011000
00110011000
00110011000
00110011000
00110011000
00110011000
00110011000
00110011000
00110011000
00110011000
00110011000
00110011000
00110011000
00110011000
00110010111
00110010111
00110010111
00110010111
00110010111
00110010111
00110010111
00110010111
00110010111
00110010111
00110010111
00110010111
00110010111
00110010111
00110010111
00110010111
00110010111
00110010111
00110010111
00110010111
00110010111
00110010111
00110010111
00110010111
00110010111
00110010111
00110010111
00110010111
00110010111
00110010110
00110010110
00110010110
00110010110
00110010110
00110010110
00110010110
00110010110
00110010110
00110010110
00110010110
00110010110
00110010110
00110010110
00110010110
00110010110
00110010110
00110010110
00110010110
00110010110
00110010110
00110010110
00110010110
00110010110
00110010101
00110010101
00110010101
00110010101
00110010101
00110010101
00110010101
00110010101
00110010101
00110010101
00110010101
00110010101
00110010101
00110010101
00110010101
00110010101
00110010101
00110010101
00110010101
00110010101
00110010101
00110010100
00110010100
00110010100
00110010100
00110010100
00110010100
00110010100
00110010100
00110010100
00110010100
00110010100
00110010100
00110010100
00110010100
00110010100
00110010100
00110010100
00110010100
00110010100
00110010100
00110010011
00110010011
00110010011
00110010011
00110010011
00110010011
00110010011
00110010011
00110010011
00110010011
00110010011
00110010011
00110010011
00110010011
00110010011
00110010011
00110010011
00110010010
00110010010
00110010010
00110010010
00110010010
00110010010
00110010010
00110010010
00110010010
00110010010
00110010010
00110010010
00110010010
00110010010
00110010010
00110010010
00110010010
00110010001
00110010001
00110010001
00110010001
00110010001
00110010001
00110010001
00110010001
00110010001
00110010001
00110010001
00110010001
00110010001
00110010001
00110010001
00110010001
00110010000
00110010000
00110010000
00110010000
00110010000
00110010000
00110010000
00110010000
00110010000
00110010000
00110010000
00110010000
00110010000
00110010000
00110001111
00110001111
00110001111
00110001111
00110001111
00110001111
00110001111
00110001111
00110001111
00110001111
00110001111
00110001111
00110001111
00110001111
00110001110
00110001110
00110001110
00110001110
00110001110
00110001110
00110001110
00110001110
00110001110
00110001110
00110001110
00110001110
00110001110
00110001110
00110001101
00110001101
00110001101
00110001101
00110001101
00110001101
00110001101
00110001101
00110001101
00110001101
00110001101
00110001101
00110001101
00110001100
00110001100
00110001100
00110001100
00110001100
00110001100
00110001100
00110001100
00110001100
00110001100
00110001100
00110001100
00110001011
00110001011
00110001011
00110001011
00110001011
00110001011
00110001011
00110001011
00110001011
00110001011
00110001011
00110001011
00110001010
00110001010
00110001010
00110001010
00110001010
00110001010
00110001010
00110001010
00110001010
00110001010
00110001010
00110001010
00110001001
00110001001
00110001001
00110001001
00110001001
00110001001
00110001001
00110001001
00110001001
00110001001
00110001001
00110001000
00110001000
00110001000
00110001000
00110001000
00110001000
00110001000
00110001000
00110001000
00110001000
00110001000
00110000111
00110000111
00110000111
00110000111
00110000111
00110000111
00110000111
00110000111
00110000111
00110000111
00110000111
00110000110
00110000110
00110000110
00110000110
00110000110
00110000110
00110000110
00110000110
00110000110
00110000110
00110000101
00110000101
00110000101
00110000101
00110000101
00110000101
00110000101
00110000101
00110000101
00110000101
00110000101
00110000100
00110000100
00110000100
00110000100
00110000100
00110000100
00110000100
00110000100
00110000100
00110000011
00110000011
00110000011
00110000011
00110000011
00110000011
00110000011
00110000011
00110000011
00110000011
00110000010
00110000010
00110000010
00110000010
00110000010
00110000010
00110000010
00110000010
00110000010
00110000010
00110000001
00110000001
00110000001
00110000001
00110000001
00110000001
00110000001
00110000001
00110000001
00110000000
00110000000
00110000000
00110000000
00110000000
00110000000
00110000000
00110000000
00110000000
00101111111
00101111111
00101111111
00101111111
00101111111
00101111111
00101111111
00101111111
00101111111
00101111110
00101111110
00101111110
00101111110
00101111110
00101111110
00101111110
00101111110
00101111110
00101111101
00101111101
00101111101
00101111101
00101111101
00101111101
00101111101
00101111101
00101111101
00101111100
00101111100
00101111100
00101111100
00101111100
00101111100
00101111100
00101111100
00101111011
00101111011
00101111011
00101111011
00101111011
00101111011
00101111011
00101111011
00101111011
00101111010
00101111010
00101111010
00101111010
00101111010
00101111010
00101111010
00101111010
00101111001
00101111001
00101111001
00101111001
00101111001
00101111001
00101111001
00101111001
00101111000
00101111000
00101111000
00101111000
00101111000
00101111000
00101111000
00101111000
00101110111
00101110111
00101110111
00101110111
00101110111
00101110111
00101110111
00101110111
00101110110
00101110110
00101110110
00101110110
00101110110
00101110110
00101110110
00101110110
00101110101
00101110101
00101110101
00101110101
00101110101
00101110101
00101110101
00101110100
00101110100
00101110100
00101110100
00101110100
00101110100
00101110100
00101110100
00101110011
00101110011
00101110011
00101110011
00101110011
00101110011
00101110011
00101110010
00101110010
00101110010
00101110010
00101110010
00101110010
00101110010
00101110010
00101110001
00101110001
00101110001
00101110001
00101110001
00101110001
00101110001
00101110000
00101110000
00101110000
00101110000
00101110000
00101110000
00101110000
00101101111
00101101111
00101101111
00101101111
00101101111
00101101111
00101101111
00101101111
00101101110
00101101110
00101101110
00101101110
00101101110
00101101110
00101101110
00101101101
00101101101
00101101101
00101101101
00101101101
00101101101
00101101101
00101101100
00101101100
00101101100
00101101100
00101101100
00101101100
00101101100
00101101011
00101101011
00101101011
00101101011
00101101011
00101101011
00101101011
00101101010
00101101010
00101101010
00101101010
00101101010
00101101010
00101101001
00101101001
00101101001
00101101001
00101101001
00101101001
00101101001
00101101000
00101101000
00101101000
00101101000
00101101000
00101101000
00101101000
00101100111
00101100111
00101100111
00101100111
00101100111
00101100111
00101100110
00101100110
00101100110
00101100110
00101100110
00101100110
00101100110
00101100101
00101100101
00101100101
00101100101
00101100101
00101100101
00101100100
00101100100
00101100100
00101100100
00101100100
00101100100
00101100100
00101100011
00101100011
00101100011
00101100011
00101100011
00101100011
00101100010
00101100010
00101100010
00101100010
00101100010
00101100010
00101100010
00101100001
00101100001
00101100001
00101100001
00101100001
00101100001
00101100000
00101100000
00101100000
00101100000
00101100000
00101100000
00101011111
00101011111
00101011111
00101011111
00101011111
00101011111
00101011110
00101011110
00101011110
00101011110
00101011110
00101011110
00101011101
00101011101
00101011101
00101011101
00101011101
00101011101
00101011100
00101011100
00101011100
00101011100
00101011100
00101011100
00101011100
00101011011
00101011011
00101011011
00101011011
00101011011
00101011010
00101011010
00101011010
00101011010
00101011010
00101011010
00101011001
00101011001
00101011001
00101011001
00101011001
00101011001
00101011000
00101011000
00101011000
00101011000
00101011000
00101011000
00101010111
00101010111
00101010111
00101010111
00101010111
00101010111
00101010110
00101010110
00101010110
00101010110
00101010110
00101010110
00101010101
00101010101
00101010101
00101010101
00101010101
00101010101
00101010100
00101010100
00101010100
00101010100
00101010100
00101010011
00101010011
00101010011
00101010011
00101010011
00101010011
00101010010
00101010010
00101010010
00101010010
00101010010
00101010010
00101010001
00101010001
00101010001
00101010001
00101010001
00101010000
00101010000
00101010000
00101010000
00101010000
00101010000
00101001111
00101001111
00101001111
00101001111
00101001111
00101001110
00101001110
00101001110
00101001110
00101001110
00101001110
00101001101
00101001101
00101001101
00101001101
00101001101
00101001100
00101001100
00101001100
00101001100
00101001100
00101001100
00101001011
00101001011
00101001011
00101001011
00101001011
00101001010
00101001010
00101001010
00101001010
00101001010
00101001001
00101001001
00101001001
00101001001
00101001001
00101001001
00101001000
00101001000
00101001000
00101001000
00101001000
00101000111
00101000111
00101000111
00101000111
00101000111
00101000110
00101000110
00101000110
00101000110
00101000110
00101000110
00101000101
00101000101
00101000101
00101000101
00101000101
00101000100
00101000100
00101000100
00101000100
00101000100
00101000011
00101000011
00101000011
00101000011
00101000011
00101000010
00101000010
00101000010
00101000010
00101000010
00101000001
00101000001
00101000001
00101000001
00101000001
00101000001
00101000000
00101000000
00101000000
00101000000
00101000000
00100111111
00100111111
00100111111
00100111111
00100111111
00100111110
00100111110
00100111110
00100111110
00100111110
00100111101
00100111101
00100111101
00100111101
00100111101
00100111100
00100111100
00100111100
00100111100
00100111100
00100111011
00100111011
00100111011
00100111011
00100111011
00100111010
00100111010
00100111010
00100111010
00100111010
00100111001
00100111001
00100111001
00100111001
00100111001
00100111000
00100111000
00100111000
00100111000
00100111000
00100110111
00100110111
00100110111
00100110111
00100110110
00100110110
00100110110
00100110110
00100110110
00100110101
00100110101
00100110101
00100110101
00100110101
00100110100
00100110100
00100110100
00100110100
00100110100
00100110011
00100110011
00100110011
00100110011
00100110011
00100110010
00100110010
00100110010
00100110010
00100110010
00100110001
00100110001
00100110001
00100110001
00100110000
00100110000
00100110000
00100110000
00100110000
00100101111
00100101111
00100101111
00100101111
00100101111
00100101110
00100101110
00100101110
00100101110
00100101110
00100101101
00100101101
00100101101
00100101101
00100101100
00100101100
00100101100
00100101100
00100101100
00100101011
00100101011
00100101011
00100101011
00100101011
00100101010
00100101010
00100101010
00100101010
00100101001
00100101001
00100101001
00100101001
00100101001
00100101000
00100101000
00100101000
00100101000
00100100111
00100100111
00100100111
00100100111
00100100111
00100100110
00100100110
00100100110
00100100110
00100100110
00100100101
00100100101
00100100101
00100100101
00100100100
00100100100
00100100100
00100100100
00100100100
00100100011
00100100011
00100100011
00100100011
00100100010
00100100010
00100100010
00100100010
00100100010
00100100001
00100100001
00100100001
00100100001
00100100000
00100100000
00100100000
00100100000
00100100000
00100011111
00100011111
00100011111
00100011111
00100011110
00100011110
00100011110
00100011110
00100011110
00100011101
00100011101
00100011101
00100011101
00100011100
00100011100
00100011100
00100011100
00100011011
00100011011
00100011011
00100011011
00100011011
00100011010
00100011010
00100011010
00100011010
00100011001
00100011001
00100011001
00100011001
00100011001
00100011000
00100011000
00100011000
00100011000
00100010111
00100010111
00100010111
00100010111
00100010110
00100010110
00100010110
00100010110
00100010110
00100010101
00100010101
00100010101
00100010101
00100010100
00100010100
00100010100
00100010100
00100010011
00100010011
00100010011
00100010011
00100010011
00100010010
00100010010
00100010010
00100010010
00100010001
00100010001
00100010001
00100010001
00100010000
00100010000
00100010000
00100010000
00100001111
00100001111
00100001111
00100001111
00100001111
00100001110
00100001110
00100001110
00100001110
00100001101
00100001101
00100001101
00100001101
00100001100
00100001100
00100001100
00100001100
00100001011
00100001011
00100001011
00100001011
00100001010
00100001010
00100001010
00100001010
00100001010
00100001001
00100001001
00100001001
00100001001
00100001000
00100001000
00100001000
00100001000
00100000111
00100000111
00100000111
00100000111
00100000110
00100000110
00100000110
00100000110
00100000101
00100000101
00100000101
00100000101
00100000100
00100000100
00100000100
00100000100
00100000100
00100000011
00100000011
00100000011
00100000011
00100000010
00100000010
00100000010
00100000010
00100000001
00100000001
00100000001
00100000001
00100000000
00100000000
00100000000
00100000000
00011111111
00011111111
00011111111
00011111111
00011111110
00011111110
00011111110
00011111110
00011111101
00011111101
00011111101
00011111101
00011111100
00011111100
00011111100
00011111100
00011111011
00011111011
00011111011
00011111011
00011111010
00011111010
00011111010
00011111010
00011111001
00011111001
00011111001
00011111001
00011111000
00011111000
00011111000
00011111000
00011110111
00011110111
00011110111
00011110111
00011110110
00011110110
00011110110
00011110110
00011110101
00011110101
00011110101
00011110101
00011110100
00011110100
00011110100
00011110100
00011110011
00011110011
00011110011
00011110011
00011110010
00011110010
00011110010
00011110010
00011110001
00011110001
00011110001
00011110001
00011110000
00011110000
00011110000
00011110000
00011101111
00011101111
00011101111
00011101111
00011101110
00011101110
00011101110
00011101110
00011101101
00011101101
00011101101
00011101101
00011101100
00011101100
00011101100
00011101011
00011101011
00011101011
00011101011
00011101010
00011101010
00011101010
00011101010
00011101001
00011101001
00011101001
00011101001
00011101000
00011101000
00011101000
00011101000
00011100111
00011100111
00011100111
00011100111
00011100110
00011100110
00011100110
00011100110
00011100101
00011100101
00011100101
00011100100
00011100100
00011100100
00011100100
00011100011
00011100011
00011100011
00011100011
00011100010
00011100010
00011100010
00011100010
00011100001
00011100001
00011100001
00011100001
00011100000
00011100000
00011100000
00011100000
00011011111
00011011111
00011011111
00011011110
00011011110
00011011110
00011011110
00011011101
00011011101
00011011101
00011011101
00011011100
00011011100
00011011100
00011011100
00011011011
00011011011
00011011011
00011011010
00011011010
00011011010
00011011010
00011011001
00011011001
00011011001
00011011001
00011011000
00011011000
00011011000
00011011000
00011010111
00011010111
00011010111
00011010110
00011010110
00011010110
00011010110
00011010101
00011010101
00011010101
00011010101
00011010100
00011010100
00011010100
00011010100
00011010011
00011010011
00011010011
00011010010
00011010010
00011010010
00011010010
00011010001
00011010001
00011010001
00011010001
00011010000
00011010000
00011010000
00011001111
00011001111
00011001111
00011001111
00011001110
00011001110
00011001110
00011001110
00011001101
00011001101
00011001101
00011001101
00011001100
00011001100
00011001100
00011001011
00011001011
00011001011
00011001011
00011001010
00011001010
00011001010
00011001010
00011001001
00011001001
00011001001
00011001000
00011001000
00011001000
00011001000
00011000111
00011000111
00011000111
00011000110
00011000110
00011000110
00011000110
00011000101
00011000101
00011000101
00011000101
00011000100
00011000100
00011000100
00011000011
00011000011
00011000011
00011000011
00011000010
00011000010
00011000010
00011000010
00011000001
00011000001
00011000001
00011000000
00011000000
00011000000
00011000000
00010111111
00010111111
00010111111
00010111110
00010111110
00010111110
00010111110
00010111101
00010111101
00010111101
00010111101
00010111100
00010111100
00010111100
00010111011
00010111011
00010111011
00010111011
00010111010
00010111010
00010111010
00010111001
00010111001
00010111001
00010111001
00010111000
00010111000
00010111000
00010110111
00010110111
00010110111
00010110111
00010110110
00010110110
00010110110
00010110110
00010110101
00010110101
00010110101
00010110100
00010110100
00010110100
00010110100
00010110011
00010110011
00010110011
00010110010
00010110010
00010110010
00010110010
00010110001
00010110001
00010110001
00010110000
00010110000
00010110000
00010110000
00010101111
00010101111
00010101111
00010101110
00010101110
00010101110
00010101110
00010101101
00010101101
00010101101
00010101100
00010101100
00010101100
00010101100
00010101011
00010101011
00010101011
00010101010
00010101010
00010101010
00010101010
00010101001
00010101001
00010101001
00010101000
00010101000
00010101000
00010101000
00010100111
00010100111
00010100111
00010100110
00010100110
00010100110
00010100110
00010100101
00010100101
00010100101
00010100100
00010100100
00010100100
00010100100
00010100011
00010100011
00010100011
00010100010
00010100010
00010100010
00010100010
00010100001
00010100001
00010100001
00010100000
00010100000
00010100000
00010100000
00010011111
00010011111
00010011111
00010011110
00010011110
00010011110
00010011101
00010011101
00010011101
00010011101
00010011100
00010011100
00010011100
00010011011
00010011011
00010011011
00010011011
00010011010
00010011010
00010011010
00010011001
00010011001
00010011001
00010011001
00010011000
00010011000
00010011000
00010010111
00010010111
00010010111
00010010111
00010010110
00010010110
00010010110
00010010101
00010010101
00010010101
00010010100
00010010100
00010010100
00010010100
00010010011
00010010011
00010010011
00010010010
00010010010
00010010010
00010010010
00010010001
00010010001
00010010001
00010010000
00010010000
00010010000
00010001111
00010001111
00010001111
00010001111
00010001110
00010001110
00010001110
00010001101
00010001101
00010001101
00010001101
00010001100
00010001100
00010001100
00010001011
00010001011
00010001011
00010001010
00010001010
00010001010
00010001010
00010001001
00010001001
00010001001
00010001000
00010001000
00010001000
00010000111
00010000111
00010000111
00010000111
00010000110
00010000110
00010000110
00010000101
00010000101
00010000101
00010000101
00010000100
00010000100
00010000100
00010000011
00010000011
00010000011
00010000010
00010000010
00010000010
00010000010
00010000001
00010000001
00010000001
00010000000
00010000000
00010000000
00001111111
00001111111
00001111111
00001111111
00001111110
00001111110
00001111110
00001111101
00001111101
00001111101
00001111100
00001111100
00001111100
00001111100
00001111011
00001111011
00001111011
00001111010
00001111010
00001111010
00001111001
00001111001
00001111001
00001111001
00001111000
00001111000
00001111000
00001110111
00001110111
00001110111
00001110110
00001110110
00001110110
00001110110
00001110101
00001110101
00001110101
00001110100
00001110100
00001110100
00001110011
00001110011
00001110011
00001110011
00001110010
00001110010
00001110010
00001110001
00001110001
00001110001
00001110000
00001110000
00001110000
00001110000
00001101111
00001101111
00001101111
00001101110
00001101110
00001101110
00001101101
00001101101
00001101101
00001101101
00001101100
00001101100
00001101100
00001101011
00001101011
00001101011
00001101010
00001101010
00001101010
00001101001
00001101001
00001101001
00001101001
00001101000
00001101000
00001101000
00001100111
00001100111
00001100111
00001100110
00001100110
00001100110
00001100110
00001100101
00001100101
00001100101
00001100100
00001100100
00001100100
00001100011
00001100011
00001100011
00001100010
00001100010
00001100010
00001100010
00001100001
00001100001
00001100001
00001100000
00001100000
00001100000
00001011111
00001011111
00001011111
00001011110
00001011110
00001011110
00001011110
00001011101
00001011101
00001011101
00001011100
00001011100
00001011100
00001011011
00001011011
00001011011
00001011011
00001011010
00001011010
00001011010
00001011001
00001011001
00001011001
00001011000
00001011000
00001011000
00001010111
00001010111
00001010111
00001010111
00001010110
00001010110
00001010110
00001010101
00001010101
00001010101
00001010100
00001010100
00001010100
00001010011
00001010011
00001010011
00001010011
00001010010
00001010010
00001010010
00001010001
00001010001
00001010001
00001010000
00001010000
00001010000
00001001111
00001001111
00001001111
00001001111
00001001110
00001001110
00001001110
00001001101
00001001101
00001001101
00001001100
00001001100
00001001100
00001001011
00001001011
00001001011
00001001011
00001001010
00001001010
00001001010
00001001001
00001001001
00001001001
00001001000
00001001000
00001001000
00001000111
00001000111
00001000111
00001000110
00001000110
00001000110
00001000110
00001000101
00001000101
00001000101
00001000100
00001000100
00001000100
00001000011
00001000011
00001000011
00001000010
00001000010
00001000010
00001000010
00001000001
00001000001
00001000001
00001000000
00001000000
00001000000
00000111111
00000111111
00000111111
00000111110
00000111110
00000111110
00000111110
00000111101
00000111101
00000111101
00000111100
00000111100
00000111100
00000111011
00000111011
00000111011
00000111010
00000111010
00000111010
00000111001
00000111001
00000111001
00000111001
00000111000
00000111000
00000111000
00000110111
00000110111
00000110111
00000110110
00000110110
00000110110
00000110101
00000110101
00000110101
00000110100
00000110100
00000110100
00000110100
00000110011
00000110011
00000110011
00000110010
00000110010
00000110010
00000110001
00000110001
00000110001
00000110000
00000110000
00000110000
00000101111
00000101111
00000101111
00000101111
00000101110
00000101110
00000101110
00000101101
00000101101
00000101101
00000101100
00000101100
00000101100
00000101011
00000101011
00000101011
00000101010
00000101010
00000101010
00000101010
00000101001
00000101001
00000101001
00000101000
00000101000
00000101000
00000100111
00000100111
00000100111
00000100110
00000100110
00000100110
00000100101
00000100101
00000100101
00000100101
00000100100
00000100100
00000100100
00000100011
00000100011
00000100011
00000100010
00000100010
00000100010
00000100001
00000100001
00000100001
00000100000
00000100000
00000100000
00000100000
00000011111
00000011111
00000011111
00000011110
00000011110
00000011110
00000011101
00000011101
00000011101
00000011100
00000011100
00000011100
00000011011
00000011011
00000011011
00000011011
00000011010
00000011010
00000011010
00000011001
00000011001
00000011001
00000011000
00000011000
00000011000
00000010111
00000010111
00000010111
00000010110
00000010110
00000010110
00000010110
00000010101
00000010101
00000010101
00000010100
00000010100
00000010100
00000010011
00000010011
00000010011
00000010010
00000010010
00000010010
00000010001
00000010001
00000010001
00000010000
00000010000
00000010000
00000010000
00000001111
00000001111
00000001111
00000001110
00000001110
00000001110
00000001101
00000001101
00000001101
00000001100
00000001100
00000001100
00000001011
00000001011
00000001011
00000001011
00000001010
00000001010
00000001010
00000001001
00000001001
00000001001
00000001000
00000001000
00000001000
00000000111
00000000111
00000000111
00000000110
00000000110
00000000110
00000000101
00000000101
00000000101
00000000101
00000000100
00000000100
00000000100
00000000011
00000000011
00000000011
00000000010
00000000010
00000000010
00000000001
00000000001
00000000001
00000000000
00000000000
00000000000
00000000000
11111111111
11111111111
11111111111
11111111110
11111111110
11111111110
11111111101
11111111101
11111111101
11111111100
11111111100
11111111100
11111111011
11111111011
11111111011
11111111011
11111111010
11111111010
11111111010
11111111001
11111111001
11111111001
11111111000
11111111000
11111111000
11111110111
11111110111
11111110111
11111110110
11111110110
11111110110
11111110101
11111110101
11111110101
11111110101
11111110100
11111110100
11111110100
11111110011
11111110011
11111110011
11111110010
11111110010
11111110010
11111110001
11111110001
11111110001
11111110000
11111110000
11111110000
11111110000
11111101111
11111101111
11111101111
11111101110
11111101110
11111101110
11111101101
11111101101
11111101101
11111101100
11111101100
11111101100
11111101011
11111101011
11111101011
11111101010
11111101010
11111101010
11111101010
11111101001
11111101001
11111101001
11111101000
11111101000
11111101000
11111100111
11111100111
11111100111
11111100110
11111100110
11111100110
11111100101
11111100101
11111100101
11111100101
11111100100
11111100100
11111100100
11111100011
11111100011
11111100011
11111100010
11111100010
11111100010
11111100001
11111100001
11111100001
11111100000
11111100000
11111100000
11111100000
11111011111
11111011111
11111011111
11111011110
11111011110
11111011110
11111011101
11111011101
11111011101
11111011100
11111011100
11111011100
11111011011
11111011011
11111011011
11111011011
11111011010
11111011010
11111011010
11111011001
11111011001
11111011001
11111011000
11111011000
11111011000
11111010111
11111010111
11111010111
11111010110
11111010110
11111010110
11111010110
11111010101
11111010101
11111010101
11111010100
11111010100
11111010100
11111010011
11111010011
11111010011
11111010010
11111010010
11111010010
11111010001
11111010001
11111010001
11111010001
11111010000
11111010000
11111010000
11111001111
11111001111
11111001111
11111001110
11111001110
11111001110
11111001101
11111001101
11111001101
11111001100
11111001100
11111001100
11111001100
11111001011
11111001011
11111001011
11111001010
11111001010
11111001010
11111001001
11111001001
11111001001
11111001000
11111001000
11111001000
11111000111
11111000111
11111000111
11111000111
11111000110
11111000110
11111000110
11111000101
11111000101
11111000101
11111000100
11111000100
11111000100
11111000011
11111000011
11111000011
11111000010
11111000010
11111000010
11111000010
11111000001
11111000001
11111000001
11111000000
11111000000
11111000000
11110111111
11110111111
11110111111
11110111110
11110111110
11110111110
11110111110
11110111101
11110111101
11110111101
11110111100
11110111100
11110111100
11110111011
11110111011
11110111011
11110111010
11110111010
11110111010
11110111010
11110111001
11110111001
11110111001
11110111000
11110111000
11110111000
11110110111
11110110111
11110110111
11110110110
11110110110
11110110110
11110110101
11110110101
11110110101
11110110101
11110110100
11110110100
11110110100
11110110011
11110110011
11110110011
11110110010
11110110010
11110110010
11110110001
11110110001
11110110001
11110110001
11110110000
11110110000
11110110000
11110101111
11110101111
11110101111
11110101110
11110101110
11110101110
11110101101
11110101101
11110101101
11110101101
11110101100
11110101100
11110101100
11110101011
11110101011
11110101011
11110101010
11110101010
11110101010
11110101001
11110101001
11110101001
11110101001
11110101000
11110101000
11110101000
11110100111
11110100111
11110100111
11110100110
11110100110
11110100110
11110100101
11110100101
11110100101
11110100101
11110100100
11110100100
11110100100
11110100011
11110100011
11110100011
11110100010
11110100010
11110100010
11110100010
11110100001
11110100001
11110100001
11110100000
11110100000
11110100000
11110011111
11110011111
11110011111
11110011110
11110011110
11110011110
11110011110
11110011101
11110011101
11110011101
11110011100
11110011100
11110011100
11110011011
11110011011
11110011011
11110011010
11110011010
11110011010
11110011010
11110011001
11110011001
11110011001
11110011000
11110011000
11110011000
11110010111
11110010111
11110010111
11110010111
11110010110
11110010110
11110010110
11110010101
11110010101
11110010101
11110010100
11110010100
11110010100
11110010011
11110010011
11110010011
11110010011
11110010010
11110010010
11110010010
11110010001
11110010001
11110010001
11110010000
11110010000
11110010000
11110010000
11110001111
11110001111
11110001111
11110001110
11110001110
11110001110
11110001101
11110001101
11110001101
11110001101
11110001100
11110001100
11110001100
11110001011
11110001011
11110001011
11110001010
11110001010
11110001010
11110001010
11110001001
11110001001
11110001001
11110001000
11110001000
11110001000
11110000111
11110000111
11110000111
11110000111
11110000110
11110000110
11110000110
11110000101
11110000101
11110000101
11110000100
11110000100
11110000100
11110000100
11110000011
11110000011
11110000011
11110000010
11110000010
11110000010
11110000001
11110000001
11110000001
11110000001
11110000000
11110000000
11110000000
11101111111
11101111111
11101111111
11101111110
11101111110
11101111110
11101111110
11101111101
11101111101
11101111101
11101111100
11101111100
11101111100
11101111011
11101111011
11101111011
11101111011
11101111010
11101111010
11101111010
11101111001
11101111001
11101111001
11101111001
11101111000
11101111000
11101111000
11101110111
11101110111
11101110111
11101110110
11101110110
11101110110
11101110110
11101110101
11101110101
11101110101
11101110100
11101110100
11101110100
11101110011
11101110011
11101110011
11101110011
11101110010
11101110010
11101110010
11101110001
11101110001
11101110001
11101110001
11101110000
11101110000
11101110000
11101101111
11101101111
11101101111
11101101110
11101101110
11101101110
11101101110
11101101101
11101101101
11101101101
11101101100
11101101100
11101101100
11101101100
11101101011
11101101011
11101101011
11101101010
11101101010
11101101010
11101101001
11101101001
11101101001
11101101001
11101101000
11101101000
11101101000
11101100111
11101100111
11101100111
11101100111
11101100110
11101100110
11101100110
11101100101
11101100101
11101100101
11101100101
11101100100
11101100100
11101100100
11101100011
11101100011
11101100011
11101100011
11101100010
11101100010
11101100010
11101100001
11101100001
11101100001
11101100000
11101100000
11101100000
11101100000
11101011111
11101011111
11101011111
11101011110
11101011110
11101011110
11101011110
11101011101
11101011101
11101011101
11101011100
11101011100
11101011100
11101011100
11101011011
11101011011
11101011011
11101011010
11101011010
11101011010
11101011010
11101011001
11101011001
11101011001
11101011000
11101011000
11101011000
11101011000
11101010111
11101010111
11101010111
11101010110
11101010110
11101010110
11101010110
11101010101
11101010101
11101010101
11101010100
11101010100
11101010100
11101010100
11101010011
11101010011
11101010011
11101010010
11101010010
11101010010
11101010010
11101010001
11101010001
11101010001
11101010000
11101010000
11101010000
11101010000
11101001111
11101001111
11101001111
11101001110
11101001110
11101001110
11101001110
11101001101
11101001101
11101001101
11101001100
11101001100
11101001100
11101001100
11101001011
11101001011
11101001011
11101001010
11101001010
11101001010
11101001010
11101001001
11101001001
11101001001
11101001001
11101001000
11101001000
11101001000
11101000111
11101000111
11101000111
11101000111
11101000110
11101000110
11101000110
11101000101
11101000101
11101000101
11101000101
11101000100
11101000100
11101000100
11101000011
11101000011
11101000011
11101000011
11101000010
11101000010
11101000010
11101000010
11101000001
11101000001
11101000001
11101000000
11101000000
11101000000
11101000000
11100111111
11100111111
11100111111
11100111110
11100111110
11100111110
11100111110
11100111101
11100111101
11100111101
11100111101
11100111100
11100111100
11100111100
11100111011
11100111011
11100111011
11100111011
11100111010
11100111010
11100111010
11100111010
11100111001
11100111001
11100111001
11100111000
11100111000
11100111000
11100111000
11100110111
11100110111
11100110111
11100110110
11100110110
11100110110
11100110110
11100110101
11100110101
11100110101
11100110101
11100110100
11100110100
11100110100
11100110011
11100110011
11100110011
11100110011
11100110010
11100110010
11100110010
11100110010
11100110001
11100110001
11100110001
11100110001
11100110000
11100110000
11100110000
11100101111
11100101111
11100101111
11100101111
11100101110
11100101110
11100101110
11100101110
11100101101
11100101101
11100101101
11100101100
11100101100
11100101100
11100101100
11100101011
11100101011
11100101011
11100101011
11100101010
11100101010
11100101010
11100101010
11100101001
11100101001
11100101001
11100101000
11100101000
11100101000
11100101000
11100100111
11100100111
11100100111
11100100111
11100100110
11100100110
11100100110
11100100110
11100100101
11100100101
11100100101
11100100100
11100100100
11100100100
11100100100
11100100011
11100100011
11100100011
11100100011
11100100010
11100100010
11100100010
11100100010
11100100001
11100100001
11100100001
11100100000
11100100000
11100100000
11100100000
11100011111
11100011111
11100011111
11100011111
11100011110
11100011110
11100011110
11100011110
11100011101
11100011101
11100011101
11100011101
11100011100
11100011100
11100011100
11100011100
11100011011
11100011011
11100011011
11100011010
11100011010
11100011010
11100011010
11100011001
11100011001
11100011001
11100011001
11100011000
11100011000
11100011000
11100011000
11100010111
11100010111
11100010111
11100010111
11100010110
11100010110
11100010110
11100010110
11100010101
11100010101
11100010101
11100010101
11100010100
11100010100
11100010100
11100010011
11100010011
11100010011
11100010011
11100010010
11100010010
11100010010
11100010010
11100010001
11100010001
11100010001
11100010001
11100010000
11100010000
11100010000
11100010000
11100001111
11100001111
11100001111
11100001111
11100001110
11100001110
11100001110
11100001110
11100001101
11100001101
11100001101
11100001101
11100001100
11100001100
11100001100
11100001100
11100001011
11100001011
11100001011
11100001011
11100001010
11100001010
11100001010
11100001010
11100001001
11100001001
11100001001
11100001001
11100001000
11100001000
11100001000
11100001000
11100000111
11100000111
11100000111
11100000111
11100000110
11100000110
11100000110
11100000110
11100000101
11100000101
11100000101
11100000101
11100000100
11100000100
11100000100
11100000100
11100000011
11100000011
11100000011
11100000011
11100000010
11100000010
11100000010
11100000010
11100000001
11100000001
11100000001
11100000001
11100000000
11100000000
11100000000
11100000000
11011111111
11011111111
11011111111
11011111111
11011111110
11011111110
11011111110
11011111110
11011111101
11011111101
11011111101
11011111101
11011111100
11011111100
11011111100
11011111100
11011111100
11011111011
11011111011
11011111011
11011111011
11011111010
11011111010
11011111010
11011111010
11011111001
11011111001
11011111001
11011111001
11011111000
11011111000
11011111000
11011111000
11011110111
11011110111
11011110111
11011110111
11011110110
11011110110
11011110110
11011110110
11011110110
11011110101
11011110101
11011110101
11011110101
11011110100
11011110100
11011110100
11011110100
11011110011
11011110011
11011110011
11011110011
11011110010
11011110010
11011110010
11011110010
11011110001
11011110001
11011110001
11011110001
11011110001
11011110000
11011110000
11011110000
11011110000
11011101111
11011101111
11011101111
11011101111
11011101110
11011101110
11011101110
11011101110
11011101101
11011101101
11011101101
11011101101
11011101101
11011101100
11011101100
11011101100
11011101100
11011101011
11011101011
11011101011
11011101011
11011101010
11011101010
11011101010
11011101010
11011101010
11011101001
11011101001
11011101001
11011101001
11011101000
11011101000
11011101000
11011101000
11011100111
11011100111
11011100111
11011100111
11011100111
11011100110
11011100110
11011100110
11011100110
11011100101
11011100101
11011100101
11011100101
11011100101
11011100100
11011100100
11011100100
11011100100
11011100011
11011100011
11011100011
11011100011
11011100010
11011100010
11011100010
11011100010
11011100010
11011100001
11011100001
11011100001
11011100001
11011100000
11011100000
11011100000
11011100000
11011100000
11011011111
11011011111
11011011111
11011011111
11011011110
11011011110
11011011110
11011011110
11011011110
11011011101
11011011101
11011011101
11011011101
11011011100
11011011100
11011011100
11011011100
11011011100
11011011011
11011011011
11011011011
11011011011
11011011010
11011011010
11011011010
11011011010
11011011010
11011011001
11011011001
11011011001
11011011001
11011011001
11011011000
11011011000
11011011000
11011011000
11011010111
11011010111
11011010111
11011010111
11011010111
11011010110
11011010110
11011010110
11011010110
11011010101
11011010101
11011010101
11011010101
11011010101
11011010100
11011010100
11011010100
11011010100
11011010100
11011010011
11011010011
11011010011
11011010011
11011010010
11011010010
11011010010
11011010010
11011010010
11011010001
11011010001
11011010001
11011010001
11011010001
11011010000
11011010000
11011010000
11011010000
11011010000
11011001111
11011001111
11011001111
11011001111
11011001110
11011001110
11011001110
11011001110
11011001110
11011001101
11011001101
11011001101
11011001101
11011001101
11011001100
11011001100
11011001100
11011001100
11011001100
11011001011
11011001011
11011001011
11011001011
11011001011
11011001010
11011001010
11011001010
11011001010
11011001010
11011001001
11011001001
11011001001
11011001001
11011001000
11011001000
11011001000
11011001000
11011001000
11011000111
11011000111
11011000111
11011000111
11011000111
11011000110
11011000110
11011000110
11011000110
11011000110
11011000101
11011000101
11011000101
11011000101
11011000101
11011000100
11011000100
11011000100
11011000100
11011000100
11011000011
11011000011
11011000011
11011000011
11011000011
11011000010
11011000010
11011000010
11011000010
11011000010
11011000001
11011000001
11011000001
11011000001
11011000001
11011000000
11011000000
11011000000
11011000000
11011000000
11010111111
11010111111
11010111111
11010111111
11010111111
11010111111
11010111110
11010111110
11010111110
11010111110
11010111110
11010111101
11010111101
11010111101
11010111101
11010111101
11010111100
11010111100
11010111100
11010111100
11010111100
11010111011
11010111011
11010111011
11010111011
11010111011
11010111010
11010111010
11010111010
11010111010
11010111010
11010111010
11010111001
11010111001
11010111001
11010111001
11010111001
11010111000
11010111000
11010111000
11010111000
11010111000
11010110111
11010110111
11010110111
11010110111
11010110111
11010110111
11010110110
11010110110
11010110110
11010110110
11010110110
11010110101
11010110101
11010110101
11010110101
11010110101
11010110100
11010110100
11010110100
11010110100
11010110100
11010110100
11010110011
11010110011
11010110011
11010110011
11010110011
11010110010
11010110010
11010110010
11010110010
11010110010
11010110010
11010110001
11010110001
11010110001
11010110001
11010110001
11010110000
11010110000
11010110000
11010110000
11010110000
11010110000
11010101111
11010101111
11010101111
11010101111
11010101111
11010101110
11010101110
11010101110
11010101110
11010101110
11010101110
11010101101
11010101101
11010101101
11010101101
11010101101
11010101101
11010101100
11010101100
11010101100
11010101100
11010101100
11010101011
11010101011
11010101011
11010101011
11010101011
11010101011
11010101010
11010101010
11010101010
11010101010
11010101010
11010101010
11010101001
11010101001
11010101001
11010101001
11010101001
11010101001
11010101000
11010101000
11010101000
11010101000
11010101000
11010101000
11010100111
11010100111
11010100111
11010100111
11010100111
11010100111
11010100110
11010100110
11010100110
11010100110
11010100110
11010100110
11010100101
11010100101
11010100101
11010100101
11010100101
11010100100
11010100100
11010100100
11010100100
11010100100
11010100100
11010100100
11010100011
11010100011
11010100011
11010100011
11010100011
11010100011
11010100010
11010100010
11010100010
11010100010
11010100010
11010100010
11010100001
11010100001
11010100001
11010100001
11010100001
11010100001
11010100000
11010100000
11010100000
11010100000
11010100000
11010100000
11010011111
11010011111
11010011111
11010011111
11010011111
11010011111
11010011110
11010011110
11010011110
11010011110
11010011110
11010011110
11010011110
11010011101
11010011101
11010011101
11010011101
11010011101
11010011101
11010011100
11010011100
11010011100
11010011100
11010011100
11010011100
11010011100
11010011011
11010011011
11010011011
11010011011
11010011011
11010011011
11010011010
11010011010
11010011010
11010011010
11010011010
11010011010
11010011010
11010011001
11010011001
11010011001
11010011001
11010011001
11010011001
11010011000
11010011000
11010011000
11010011000
11010011000
11010011000
11010011000
11010010111
11010010111
11010010111
11010010111
11010010111
11010010111
11010010111
11010010110
11010010110
11010010110
11010010110
11010010110
11010010110
11010010101
11010010101
11010010101
11010010101
11010010101
11010010101
11010010101
11010010100
11010010100
11010010100
11010010100
11010010100
11010010100
11010010100
11010010011
11010010011
11010010011
11010010011
11010010011
11010010011
11010010011
11010010010
11010010010
11010010010
11010010010
11010010010
11010010010
11010010010
11010010001
11010010001
11010010001
11010010001
11010010001
11010010001
11010010001
11010010001
11010010000
11010010000
11010010000
11010010000
11010010000
11010010000
11010010000
11010001111
11010001111
11010001111
11010001111
11010001111
11010001111
11010001111
11010001110
11010001110
11010001110
11010001110
11010001110
11010001110
11010001110
11010001110
11010001101
11010001101
11010001101
11010001101
11010001101
11010001101
11010001101
11010001100
11010001100
11010001100
11010001100
11010001100
11010001100
11010001100
11010001100
11010001011
11010001011
11010001011
11010001011
11010001011
11010001011
11010001011
11010001010
11010001010
11010001010
11010001010
11010001010
11010001010
11010001010
11010001010
11010001001
11010001001
11010001001
11010001001
11010001001
11010001001
11010001001
11010001001
11010001000
11010001000
11010001000
11010001000
11010001000
11010001000
11010001000
11010001000
11010000111
11010000111
11010000111
11010000111
11010000111
11010000111
11010000111
11010000111
11010000110
11010000110
11010000110
11010000110
11010000110
11010000110
11010000110
11010000110
11010000101
11010000101
11010000101
11010000101
11010000101
11010000101
11010000101
11010000101
11010000101
11010000100
11010000100
11010000100
11010000100
11010000100
11010000100
11010000100
11010000100
11010000011
11010000011
11010000011
11010000011
11010000011
11010000011
11010000011
11010000011
11010000011
11010000010
11010000010
11010000010
11010000010
11010000010
11010000010
11010000010
11010000010
11010000010
11010000001
11010000001
11010000001
11010000001
11010000001
11010000001
11010000001
11010000001
11010000001
11010000000
11010000000
11010000000
11010000000
11010000000
11010000000
11010000000
11010000000
11010000000
11001111111
11001111111
11001111111
11001111111
11001111111
11001111111
11001111111
11001111111
11001111111
11001111110
11001111110
11001111110
11001111110
11001111110
11001111110
11001111110
11001111110
11001111110
11001111110
11001111101
11001111101
11001111101
11001111101
11001111101
11001111101
11001111101
11001111101
11001111101
11001111101
11001111100
11001111100
11001111100
11001111100
11001111100
11001111100
11001111100
11001111100
11001111100
11001111011
11001111011
11001111011
11001111011
11001111011
11001111011
11001111011
11001111011
11001111011
11001111011
11001111011
11001111010
11001111010
11001111010
11001111010
11001111010
11001111010
11001111010
11001111010
11001111010
11001111010
11001111001
11001111001
11001111001
11001111001
11001111001
11001111001
11001111001
11001111001
11001111001
11001111001
11001111001
11001111000
11001111000
11001111000
11001111000
11001111000
11001111000
11001111000
11001111000
11001111000
11001111000
11001111000
11001110111
11001110111
11001110111
11001110111
11001110111
11001110111
11001110111
11001110111
11001110111
11001110111
11001110111
11001110110
11001110110
11001110110
11001110110
11001110110
11001110110
11001110110
11001110110
11001110110
11001110110
11001110110
11001110110
11001110101
11001110101
11001110101
11001110101
11001110101
11001110101
11001110101
11001110101
11001110101
11001110101
11001110101
11001110101
11001110100
11001110100
11001110100
11001110100
11001110100
11001110100
11001110100
11001110100
11001110100
11001110100
11001110100
11001110100
11001110011
11001110011
11001110011
11001110011
11001110011
11001110011
11001110011
11001110011
11001110011
11001110011
11001110011
11001110011
11001110011
11001110010
11001110010
11001110010
11001110010
11001110010
11001110010
11001110010
11001110010
11001110010
11001110010
11001110010
11001110010
11001110010
11001110010
11001110001
11001110001
11001110001
11001110001
11001110001
11001110001
11001110001
11001110001
11001110001
11001110001
11001110001
11001110001
11001110001
11001110001
11001110000
11001110000
11001110000
11001110000
11001110000
11001110000
11001110000
11001110000
11001110000
11001110000
11001110000
11001110000
11001110000
11001110000
11001101111
11001101111
11001101111
11001101111
11001101111
11001101111
11001101111
11001101111
11001101111
11001101111
11001101111
11001101111
11001101111
11001101111
11001101111
11001101111
11001101110
11001101110
11001101110
11001101110
11001101110
11001101110
11001101110
11001101110
11001101110
11001101110
11001101110
11001101110
11001101110
11001101110
11001101110
11001101110
11001101110
11001101101
11001101101
11001101101
11001101101
11001101101
11001101101
11001101101
11001101101
11001101101
11001101101
11001101101
11001101101
11001101101
11001101101
11001101101
11001101101
11001101101
11001101100
11001101100
11001101100
11001101100
11001101100
11001101100
11001101100
11001101100
11001101100
11001101100
11001101100
11001101100
11001101100
11001101100
11001101100
11001101100
11001101100
11001101100
11001101100
11001101100
11001101011
11001101011
11001101011
11001101011
11001101011
11001101011
11001101011
11001101011
11001101011
11001101011
11001101011
11001101011
11001101011
11001101011
11001101011
11001101011
11001101011
11001101011
11001101011
11001101011
11001101011
11001101010
11001101010
11001101010
11001101010
11001101010
11001101010
11001101010
11001101010
11001101010
11001101010
11001101010
11001101010
11001101010
11001101010
11001101010
11001101010
11001101010
11001101010
11001101010
11001101010
11001101010
11001101010
11001101010
11001101010
11001101001
11001101001
11001101001
11001101001
11001101001
11001101001
11001101001
11001101001
11001101001
11001101001
11001101001
11001101001
11001101001
11001101001
11001101001
11001101001
11001101001
11001101001
11001101001
11001101001
11001101001
11001101001
11001101001
11001101001
11001101001
11001101001
11001101001
11001101001
11001101001
11001101000
11001101000
11001101000
11001101000
11001101000
11001101000
11001101000
11001101000
11001101000
11001101000
11001101000
11001101000
11001101000
11001101000
11001101000
11001101000
11001101000
11001101000
11001101000
11001101000
11001101000
11001101000
11001101000
11001101000
11001101000
11001101000
11001101000
11001101000
11001101000
11001101000
11001101000
11001101000
11001101000
11001101000
11001101000
11001101000
11001100111
11001100111
11001100111
11001100111
11001100111
11001100111
11001100111
11001100111
11001100111
11001100111
11001100111
11001100111
11001100111
11001100111
11001100111
11001100111
11001100111
11001100111
11001100111
11001100111
11001100111
11001100111
11001100111
11001100111
11001100111
11001100111
11001100111
11001100111
11001100111
11001100111
11001100111
11001100111
11001100111
11001100111
11001100111
11001100111
11001100111
11001100111
11001100111
11001100111
11001100111
11001100111
11001100111
11001100111
11001100111
11001100111
11001100111
11001100111
11001100111
11001100111
11001100111
11001100111
11001100111
11001100111
11001100111
11001100111
11001100111
11001100111
11001100111
11001100111
11001100111
11001100111
11001100111
11001100111
11001100111
11001100111
11001100111
11001100110
11001100110
11001100110
11001100110
11001100110
11001100110
11001100110
11001100110
11001100110
11001100110
11001100110
11001100110
11001100110
11001100110
11001100110
11001100110
11001100110
11001100110
11001100110
11001100110
11001100110
11001100110
11001100110
11001100110
11001100110
11001100110
11001100110
11001100110
11001100110
11001100110
11001100110
11001100110
11001100110
11001100110
11001100110
11001100110
11001100110
11001100110
11001100110
11001100110
11001100110
11001100110
11001100110
11001100110
11001100110
11001100110
11001100110
11001100110
11001100110
11001100110
11001100110
11001100110
11001100110
11001100110
11001100110
11001100110
11001100110
11001100110
11001100111
11001100111
11001100111
11001100111
11001100111
11001100111
11001100111
11001100111
11001100111
11001100111
11001100111
11001100111
11001100111
11001100111
11001100111
11001100111
11001100111
11001100111
11001100111
11001100111
11001100111
11001100111
11001100111
11001100111
11001100111
11001100111
11001100111
11001100111
11001100111
11001100111
11001100111
11001100111
11001100111
11001100111
11001100111
11001100111
11001100111
11001100111
11001100111
11001100111
11001100111
11001100111
11001100111
11001100111
11001100111
11001100111
11001100111
11001100111
11001100111
11001100111
11001100111
11001100111
11001100111
11001100111
11001100111
11001100111
11001100111
11001100111
11001100111
11001100111
11001100111
11001100111
11001100111
11001100111
11001100111
11001100111
11001101000
11001101000
11001101000
11001101000
11001101000
11001101000
11001101000
11001101000
11001101000
11001101000
11001101000
11001101000
11001101000
11001101000
11001101000
11001101000
11001101000
11001101000
11001101000
11001101000
11001101000
11001101000
11001101000
11001101000
11001101000
11001101000
11001101000
11001101000
11001101000
11001101000
11001101000
11001101000
11001101000
11001101000
11001101000
11001101000
11001101000
11001101001
11001101001
11001101001
11001101001
11001101001
11001101001
11001101001
11001101001
11001101001
11001101001
11001101001
11001101001
11001101001
11001101001
11001101001
11001101001
11001101001
11001101001
11001101001
11001101001
11001101001
11001101001
11001101001
11001101001
11001101001
11001101001
11001101001
11001101001
11001101010
11001101010
11001101010
11001101010
11001101010
11001101010
11001101010
11001101010
11001101010
11001101010
11001101010
11001101010
11001101010
11001101010
11001101010
11001101010
11001101010
11001101010
11001101010
11001101010
11001101010
11001101010
11001101010
11001101010
11001101011
11001101011
11001101011
11001101011
11001101011
11001101011
11001101011
11001101011
11001101011
11001101011
11001101011
11001101011
11001101011
11001101011
11001101011
11001101011
11001101011
11001101011
11001101011
11001101011
11001101011
11001101011
11001101100
11001101100
11001101100
11001101100
11001101100
11001101100
11001101100
11001101100
11001101100
11001101100
11001101100
11001101100
11001101100
11001101100
11001101100
11001101100
11001101100
11001101100
11001101100
11001101101
11001101101
11001101101
11001101101
11001101101
11001101101
11001101101
11001101101
11001101101
11001101101
11001101101
11001101101
11001101101
11001101101
11001101101
11001101101
11001101101
11001101101
11001101110
11001101110
11001101110
11001101110
11001101110
11001101110
11001101110
11001101110
11001101110
11001101110
11001101110
11001101110
11001101110
11001101110
11001101110
11001101110
11001101111
11001101111
11001101111
11001101111
11001101111
11001101111
11001101111
11001101111
11001101111
11001101111
11001101111
11001101111
11001101111
11001101111
11001101111
11001101111
11001110000
11001110000
11001110000
11001110000
11001110000
11001110000
11001110000
11001110000
11001110000
11001110000
11001110000
11001110000
11001110000
11001110000
11001110000
11001110001
11001110001
11001110001
11001110001
11001110001
11001110001
11001110001
11001110001
11001110001
11001110001
11001110001
11001110001
11001110001
11001110001
11001110010
11001110010
11001110010
11001110010
11001110010
11001110010
11001110010
11001110010
11001110010
11001110010
11001110010
11001110010
11001110010
11001110011
11001110011
11001110011
11001110011
11001110011
11001110011
11001110011
11001110011
11001110011
11001110011
11001110011
11001110011
11001110011
11001110100
11001110100
11001110100
11001110100
11001110100
11001110100
11001110100
11001110100
11001110100
11001110100
11001110100
11001110100
11001110100
11001110101
11001110101
11001110101
11001110101
11001110101
11001110101
11001110101
11001110101
11001110101
11001110101
11001110101
11001110101
11001110110
11001110110
11001110110
11001110110
11001110110
11001110110
11001110110
11001110110
11001110110
11001110110
11001110110
11001110111
11001110111
11001110111
11001110111
11001110111
11001110111
11001110111
11001110111
11001110111
11001110111
11001110111
11001110111
11001111000
11001111000
11001111000
11001111000
11001111000
11001111000
11001111000
11001111000
11001111000
11001111000
11001111000
11001111001
11001111001
11001111001
11001111001
11001111001
11001111001
11001111001
11001111001
11001111001
11001111001
11001111010
11001111010
11001111010
11001111010
11001111010
11001111010
11001111010
11001111010
11001111010
11001111010
11001111010
11001111011
11001111011
11001111011
11001111011
11001111011
11001111011
11001111011
11001111011
11001111011
11001111011
11001111100
11001111100
11001111100
11001111100
11001111100
11001111100
11001111100
11001111100
11001111100
11001111100
11001111101
11001111101
11001111101
11001111101
11001111101
11001111101
11001111101
11001111101
11001111101
11001111101
11001111110
11001111110
11001111110
11001111110
11001111110
11001111110
11001111110
11001111110
11001111110
11001111111
11001111111
11001111111
11001111111
11001111111
11001111111
11001111111
11001111111
11001111111
11010000000
11010000000
11010000000
11010000000
11010000000
11010000000
11010000000
11010000000
11010000000
11010000000
11010000001
11010000001
11010000001
11010000001
11010000001
11010000001
11010000001
11010000001
11010000001
11010000010
11010000010
11010000010
11010000010
11010000010
11010000010
11010000010
11010000010
11010000011
11010000011
11010000011
11010000011
11010000011
11010000011
11010000011
11010000011
11010000011
11010000100
11010000100
11010000100
11010000100
11010000100
11010000100
11010000100
11010000100
11010000100
11010000101
11010000101
11010000101
11010000101
11010000101
11010000101
11010000101
11010000101
11010000110
11010000110
11010000110
11010000110
11010000110
11010000110
11010000110
11010000110
11010000111
11010000111
11010000111
11010000111
11010000111
11010000111
11010000111
11010000111
11010001000
11010001000
11010001000
11010001000
11010001000
11010001000
11010001000
11010001000
11010001001
11010001001
11010001001
11010001001
11010001001
11010001001
11010001001
11010001001
11010001010
11010001010
11010001010
11010001010
11010001010
11010001010
11010001010
11010001010
11010001011
11010001011
11010001011
11010001011
11010001011
11010001011
11010001011
11010001011
11010001100
11010001100
11010001100
11010001100
11010001100
11010001100
11010001100
11010001101
11010001101
11010001101
11010001101
11010001101
11010001101
11010001101
11010001101
11010001110
11010001110
11010001110
11010001110
11010001110
11010001110
11010001110
11010001111
11010001111
11010001111
11010001111
11010001111
11010001111
11010001111
11010001111
11010010000
11010010000
11010010000
11010010000
11010010000
11010010000
11010010000
11010010001
11010010001
11010010001
11010010001
11010010001
11010010001
11010010001
11010010010
11010010010
11010010010
11010010010
11010010010
11010010010
11010010010
11010010011
11010010011
11010010011
11010010011
11010010011
11010010011
11010010011
11010010100
11010010100
11010010100
11010010100
11010010100
11010010100
11010010100
11010010101
11010010101
11010010101
11010010101
11010010101
11010010101
11010010101
11010010110
11010010110
11010010110
11010010110
11010010110
11010010110
11010010110
11010010111
11010010111
11010010111
11010010111
11010010111
11010010111
11010010111
11010011000
11010011000
11010011000
11010011000
11010011000
11010011000
11010011001
11010011001
11010011001
11010011001
11010011001
11010011001
11010011001
11010011010
11010011010
11010011010
11010011010
11010011010
11010011010
11010011011
11010011011
11010011011
11010011011
11010011011
11010011011
11010011011
11010011100
11010011100
11010011100
11010011100
11010011100
11010011100
11010011101
11010011101
11010011101
11010011101
11010011101
11010011101
11010011101
11010011110
11010011110
11010011110
11010011110
11010011110
11010011110
11010011111
11010011111
11010011111
11010011111
11010011111
11010011111
11010100000
11010100000
11010100000
11010100000
11010100000
11010100000
11010100000
11010100001
11010100001
11010100001
11010100001
11010100001
11010100001
11010100010
11010100010
11010100010
11010100010
11010100010
11010100010
11010100011
11010100011
11010100011
11010100011
11010100011
11010100011
11010100100
11010100100
11010100100
11010100100
11010100100
11010100100
11010100101
11010100101
11010100101
11010100101
11010100101
11010100101
11010100110
11010100110
11010100110
11010100110
11010100110
11010100110
11010100111
11010100111
11010100111
11010100111
11010100111
11010100111
11010101000
11010101000
11010101000
11010101000
11010101000
11010101000
11010101001
11010101001
11010101001
11010101001
11010101001
11010101001
11010101010
11010101010
11010101010
11010101010
11010101010
11010101011
11010101011
11010101011
11010101011
11010101011
11010101011
11010101100
11010101100
11010101100
11010101100
11010101100
11010101100
11010101101
11010101101
11010101101
11010101101
11010101101
11010101110
11010101110
11010101110
11010101110
11010101110
11010101110
11010101111
11010101111
11010101111
11010101111
11010101111
11010101111
11010110000
11010110000
11010110000
11010110000
11010110000
11010110001
11010110001
11010110001
11010110001
11010110001
11010110001
11010110010
11010110010
11010110010
11010110010
11010110010
11010110011
11010110011
11010110011
11010110011
11010110011
11010110011
11010110100
11010110100
11010110100
11010110100
11010110100
11010110101
11010110101
11010110101
11010110101
11010110101
11010110101
11010110110
11010110110
11010110110
11010110110
11010110110
11010110111
11010110111
11010110111
11010110111
11010110111
11010111000
11010111000
11010111000
11010111000
11010111000
11010111000
11010111001
11010111001
11010111001
11010111001
11010111001
11010111010
11010111010
11010111010
11010111010
11010111010
11010111011
11010111011
11010111011
11010111011
11010111011
11010111100
11010111100
11010111100
11010111100
11010111100
11010111100
11010111101
11010111101
11010111101
11010111101
11010111101
11010111110
11010111110
11010111110
11010111110
11010111110
11010111111
11010111111
11010111111
11010111111
11010111111
11011000000
11011000000
11011000000
11011000000
11011000000
11011000001
11011000001
11011000001
11011000001
11011000001
11011000010
11011000010
11011000010
11011000010
11011000010
11011000011
11011000011
11011000011
11011000011
11011000011
11011000100
11011000100
11011000100
11011000100
11011000100
11011000101
11011000101
11011000101
11011000101
11011000101
11011000110
11011000110
11011000110
11011000110
11011000110
11011000111
11011000111
11011000111
11011000111
11011000111
11011001000
11011001000
11011001000
11011001000
11011001000
11011001001
11011001001
11011001001
11011001001
11011001001
11011001010
11011001010
11011001010
11011001010
11011001010
11011001011
11011001011
11011001011
11011001011
11011001011
11011001100
11011001100
11011001100
11011001100
11011001101
11011001101
11011001101
11011001101
11011001101
11011001110
11011001110
11011001110
11011001110
11011001110
11011001111
11011001111
11011001111
11011001111
11011001111
11011010000
11011010000
11011010000
11011010000
11011010000
11011010001
11011010001
11011010001
11011010001
11011010010
11011010010
11011010010
11011010010
11011010010
11011010011
11011010011
11011010011
11011010011
11011010011
11011010100
11011010100
11011010100
11011010100
11011010101
11011010101
11011010101
11011010101
11011010101
11011010110
11011010110
11011010110
11011010110
11011010110
11011010111
11011010111
11011010111
11011010111
11011011000
11011011000
11011011000
11011011000
11011011000
11011011001
11011011001
11011011001
11011011001
11011011001
11011011010
11011011010
11011011010
11011011010
11011011011
11011011011
11011011011
11011011011
11011011011
11011011100
11011011100
11011011100
11011011100
11011011101
11011011101
11011011101
11011011101
11011011101
11011011110
11011011110
11011011110
11011011110
11011011111
11011011111
11011011111
11011011111
11011011111
11011100000
11011100000
11011100000
11011100000
11011100001
11011100001
11011100001
11011100001
11011100001
11011100010
11011100010
11011100010
11011100010
11011100011
11011100011
11011100011
11011100011
11011100011
11011100100
11011100100
11011100100
11011100100
11011100101
11011100101
11011100101
11011100101
11011100110
11011100110
11011100110
11011100110
11011100110
11011100111
11011100111
11011100111
11011100111
11011101000
11011101000
11011101000
11011101000
11011101001
11011101001
11011101001
11011101001
11011101001
11011101010
11011101010
11011101010
11011101010
11011101011
11011101011
11011101011
11011101011
11011101100
11011101100
11011101100
11011101100
11011101100
11011101101
11011101101
11011101101
11011101101
11011101110
11011101110
11011101110
11011101110
11011101111
11011101111
11011101111
11011101111
11011101111
11011110000
11011110000
11011110000
11011110000
11011110001
11011110001
11011110001
11011110001
11011110010
11011110010
11011110010
11011110010
11011110011
11011110011
11011110011
11011110011
11011110011
11011110100
11011110100
11011110100
11011110100
11011110101
11011110101
11011110101
11011110101
11011110110
11011110110
11011110110
11011110110
11011110111
11011110111
11011110111
11011110111
11011111000
11011111000
11011111000
11011111000
11011111001
11011111001
11011111001
11011111001
11011111001
11011111010
11011111010
11011111010
11011111010
11011111011
11011111011
11011111011
11011111011
11011111100
11011111100
11011111100
11011111100
11011111101
11011111101
11011111101
11011111101
11011111110
11011111110
11011111110
11011111110
11011111111
11011111111
11011111111
11011111111
11100000000
11100000000
11100000000
11100000000
11100000001
11100000001
11100000001
11100000001
11100000010
11100000010
11100000010
11100000010
11100000010
11100000011
11100000011
11100000011
11100000011
11100000100
11100000100
11100000100
11100000100
11100000101
11100000101
11100000101
11100000101
11100000110
11100000110
11100000110
11100000110
11100000111
11100000111
11100000111
11100000111
11100001000
11100001000
11100001000
11100001000
11100001001
11100001001
11100001001
11100001001
11100001010
11100001010
11100001010
11100001010
11100001011
11100001011
11100001011
11100001011
11100001100
11100001100
11100001100
11100001100
11100001101
11100001101
11100001101
11100001101
11100001110
11100001110
11100001110
11100001111
11100001111
11100001111
11100001111
11100010000
11100010000
11100010000
11100010000
11100010001
11100010001
11100010001
11100010001
11100010010
11100010010
11100010010
11100010010
11100010011
11100010011
11100010011
11100010011
11100010100
11100010100
11100010100
11100010100
11100010101
11100010101
11100010101
11100010101
11100010110
11100010110
11100010110
11100010110
11100010111
11100010111
11100010111
11100010111
11100011000
11100011000
11100011000
11100011001
11100011001
11100011001
11100011001
11100011010
11100011010
11100011010
11100011010
11100011011
11100011011
11100011011
11100011011
11100011100
11100011100
11100011100
11100011100
11100011101
11100011101
11100011101
11100011101
11100011110
11100011110
11100011110
11100011111
11100011111
11100011111
11100011111
11100100000
11100100000
11100100000
11100100000
11100100001
11100100001
11100100001
11100100001
11100100010
11100100010
11100100010
11100100010
11100100011
11100100011
11100100011
11100100100
11100100100
11100100100
11100100100
11100100101
11100100101
11100100101
11100100101
11100100110
11100100110
11100100110
11100100110
11100100111
11100100111
11100100111
11100101000
11100101000
11100101000
11100101000
11100101001
11100101001
11100101001
11100101001
11100101010
11100101010
11100101010
11100101010
11100101011
11100101011
11100101011
11100101100
11100101100
11100101100
11100101100
11100101101
11100101101
11100101101
11100101101
11100101110
11100101110
11100101110
11100101110
11100101111
11100101111
11100101111
11100110000
11100110000
11100110000
11100110000
11100110001
11100110001
11100110001
11100110001
11100110010
11100110010
11100110010
11100110011
11100110011
11100110011
11100110011
11100110100
11100110100
11100110100
11100110100
11100110101
11100110101
11100110101
11100110110
11100110110
11100110110
11100110110
11100110111
11100110111
11100110111
11100110111
11100111000
11100111000
11100111000
11100111001
11100111001
11100111001
11100111001
11100111010
11100111010
11100111010
11100111010
11100111011
11100111011
11100111011
11100111100
11100111100
11100111100
11100111100
11100111101
11100111101
11100111101
11100111110
11100111110
11100111110
11100111110
11100111111
11100111111
11100111111
11100111111
11101000000
11101000000
11101000000
11101000001
11101000001
11101000001
11101000001
11101000010
11101000010
11101000010
11101000011
11101000011
11101000011
11101000011
11101000100
11101000100
11101000100
11101000100
11101000101
11101000101
11101000101
11101000110
11101000110
11101000110
11101000110
11101000111
11101000111
11101000111
11101001000
11101001000
11101001000
11101001000
11101001001
11101001001
11101001001
11101001010
11101001010
11101001010
11101001010
11101001011
11101001011
11101001011
11101001011
11101001100
11101001100
11101001100
11101001101
11101001101
11101001101
11101001101
11101001110
11101001110
11101001110
11101001111
11101001111
11101001111
11101001111
11101010000
11101010000
11101010000
11101010001
11101010001
11101010001
11101010001
11101010010
11101010010
11101010010
11101010011
11101010011
11101010011
11101010011
11101010100
11101010100
11101010100
11101010101
11101010101
11101010101
11101010101
11101010110
11101010110
11101010110
11101010111
11101010111
11101010111
11101010111
11101011000
11101011000
11101011000
11101011001
11101011001
11101011001
11101011001
11101011010
11101011010
11101011010
11101011011
11101011011
11101011011
11101011011
11101011100
11101011100
11101011100
11101011101
11101011101
11101011101
11101011101
11101011110
11101011110
11101011110
11101011111
11101011111
11101011111
11101011111
11101100000
11101100000
11101100000
11101100001
11101100001
11101100001
11101100001
11101100010
11101100010
11101100010
11101100011
11101100011
11101100011
11101100100
11101100100
11101100100
11101100100
11101100101
11101100101
11101100101
11101100110
11101100110
11101100110
11101100110
11101100111
11101100111
11101100111
11101101000
11101101000
11101101000
11101101000
11101101001
11101101001
11101101001
11101101010
11101101010
11101101010
11101101011
11101101011
11101101011
11101101011
11101101100
11101101100
11101101100
11101101101
11101101101
11101101101
11101101101
11101101110
11101101110
11101101110
11101101111
11101101111
11101101111
11101110000
11101110000
11101110000
11101110000
11101110001
11101110001
11101110001
11101110010
11101110010
11101110010
11101110010
11101110011
11101110011
11101110011
11101110100
11101110100
11101110100
11101110101
11101110101
11101110101
11101110101
11101110110
11101110110
11101110110
11101110111
11101110111
11101110111
11101110111
11101111000
11101111000
11101111000
11101111001
11101111001
11101111001
11101111010
11101111010
11101111010
11101111010
11101111011
11101111011
11101111011
11101111100
11101111100
11101111100
11101111101
11101111101
11101111101
11101111101
11101111110
11101111110
11101111110
11101111111
11101111111
11101111111
11110000000
11110000000
11110000000
11110000000
11110000001
11110000001
11110000001
11110000010
11110000010
11110000010
11110000010
11110000011
11110000011
11110000011
11110000100
11110000100
11110000100
11110000101
11110000101
11110000101
11110000101
11110000110
11110000110
11110000110
11110000111
11110000111
11110000111
11110001000
11110001000
11110001000
11110001000
11110001001
11110001001
11110001001
11110001010
11110001010
11110001010
11110001011
11110001011
11110001011
11110001011
11110001100
11110001100
11110001100
11110001101
11110001101
11110001101
11110001110
11110001110
11110001110
11110001111
11110001111
11110001111
11110001111
11110010000
11110010000
11110010000
11110010001
11110010001
11110010001
11110010010
11110010010
11110010010
11110010010
11110010011
11110010011
11110010011
11110010100
11110010100
11110010100
11110010101
11110010101
11110010101
11110010101
11110010110
11110010110
11110010110
11110010111
11110010111
11110010111
11110011000
11110011000
11110011000
11110011001
11110011001
11110011001
11110011001
11110011010
11110011010
11110011010
11110011011
11110011011
11110011011
11110011100
11110011100
11110011100
11110011100
11110011101
11110011101
11110011101
11110011110
11110011110
11110011110
11110011111
11110011111
11110011111
11110100000
11110100000
11110100000
11110100000
11110100001
11110100001
11110100001
11110100010
11110100010
11110100010
11110100011
11110100011
11110100011
11110100011
11110100100
11110100100
11110100100
11110100101
11110100101
11110100101
11110100110
11110100110
11110100110
11110100111
11110100111
11110100111
11110100111
11110101000
11110101000
11110101000
11110101001
11110101001
11110101001
11110101010
11110101010
11110101010
11110101011
11110101011
11110101011
11110101011
11110101100
11110101100
11110101100
11110101101
11110101101
11110101101
11110101110
11110101110
11110101110
11110101111
11110101111
11110101111
11110101111
11110110000
11110110000
11110110000
11110110001
11110110001
11110110001
11110110010
11110110010
11110110010
11110110011
11110110011
11110110011
11110110011
11110110100
11110110100
11110110100
11110110101
11110110101
11110110101
11110110110
11110110110
11110110110
11110110111
11110110111
11110110111
11110110111
11110111000
11110111000
11110111000
11110111001
11110111001
11110111001
11110111010
11110111010
11110111010
11110111011
11110111011
11110111011
11110111100
11110111100
11110111100
11110111100
11110111101
11110111101
11110111101
11110111110
11110111110
11110111110
11110111111
11110111111
11110111111
11111000000
11111000000
11111000000
11111000000
11111000001
11111000001
11111000001
11111000010
11111000010
11111000010
11111000011
11111000011
11111000011
11111000100
11111000100
11111000100
11111000101
11111000101
11111000101
11111000101
11111000110
11111000110
11111000110
11111000111
11111000111
11111000111
11111001000
11111001000
11111001000
11111001001
11111001001
11111001001
11111001001
11111001010
11111001010
11111001010
11111001011
11111001011
11111001011
11111001100
11111001100
11111001100
11111001101
11111001101
11111001101
11111001110
11111001110
11111001110
11111001110
11111001111
11111001111
11111001111
11111010000
11111010000
11111010000
11111010001
11111010001
11111010001
11111010010
11111010010
11111010010
11111010011
11111010011
11111010011
11111010011
11111010100
11111010100
11111010100
11111010101
11111010101
11111010101
11111010110
11111010110
11111010110
11111010111
11111010111
11111010111
11111011000
11111011000
11111011000
11111011000
11111011001
11111011001
11111011001
11111011010
11111011010
11111011010
11111011011
11111011011
11111011011
11111011100
11111011100
11111011100
11111011101
11111011101
11111011101
11111011101
11111011110
11111011110
11111011110
11111011111
11111011111
11111011111
11111100000
11111100000
11111100000
11111100001
11111100001
11111100001
11111100010
11111100010
11111100010
11111100010
11111100011
11111100011
11111100011
11111100100
11111100100
11111100100
11111100101
11111100101
11111100101
11111100110
11111100110
11111100110
11111100111
11111100111
11111100111
11111101000
11111101000
11111101000
11111101000
11111101001
11111101001
11111101001
11111101010
11111101010
11111101010
11111101011
11111101011
11111101011
11111101100
11111101100
11111101100
11111101101
11111101101
11111101101
11111101101
11111101110
11111101110
11111101110
11111101111
11111101111
11111101111
11111110000
11111110000
11111110000
11111110001
11111110001
11111110001
11111110010
11111110010
11111110010
11111110010
11111110011
11111110011
11111110011
11111110100
11111110100
11111110100
11111110101
11111110101
11111110101
11111110110
11111110110
11111110110
11111110111
11111110111
11111110111
11111111000
11111111000
11111111000
11111111000
11111111001
11111111001
11111111001
11111111010
11111111010
11111111010
11111111011
11111111011
11111111011
11111111100
11111111100
11111111100
11111111101
11111111101
11111111101
11111111101
11111111110
11111111110
11111111110
11111111111
11111111111
11111111111
00000000000
00000000000
